2259422420
1894733830
1999181831
2138667018
2273588743
2261533659
2024605715
2193338388
1949202456
2027573280
1994022948
1954239154
2287330210
2143635508
2249740423
1922201679
2289329335
2277580789
2271228133
2287547322
2157717601
2206298213
1903945830
1882957929
1954178749
2184302706
2152865907
2211401846
2221062294
2266385545
2275868156
1954076810
1964953741
2230162076
1903853728
2161834146
2155278500
2208932007
2035687592
2181122222
1962672308
2263560051
1880678589
2032652485
2289462872
2263324141
2003515607
2148169946
1901504207
1982843110
1880910486
1958302760
1966852338
2008314101
2242659781
2186793207
2218760441
2024345850
1940807947
1936601133
2035538193
2005350680
1908607262
2218436902
1860883424
2161574194
1942579507
2138755382
2148478005
1951967552
1928411457
1904193858
2189130053
2167181640
1955838282
2254636709
2277947805
1877131602
2157396308
1895219545
1863231835
2279315393
1908382049
2161949029
1892634985
1940865393
2285407419
1965023608
1956114814
1860632959
1927967105
2141284742
2252682600
2273502002
1951779214
1921679762
1912430999
1939102106
2223472623
2193502632
1960414279
1970080175
2282441938
2259488463
1874424250
1967763906
1892671939
2257333664
2252518068
2277775738
1978051026
1893173735
1858558376
2168904181
2169594361
2186945022
2150697475
1977819657
2143736333
2263381047
2215758355
1967479317
1912644120
1948586543
2254590853
2285269071
1921608226
2206646821
2141207082
2282258884
2195534382
2268769526
1977934388
1905590839
2174165562
2017475131
1934066236
2249815644
2138830945
1949395529
1891086923
1887842062
2289625394
2019865179
2282664251
2035636835
2179314281
2284572662
2174616171
1958349424
2195735623
2215981694
2271184626
1895164564
2271449601
1970008727
1962490524
2136228509
2275638156
1980574370
1999043237
1987668646
2221004018
2256991451
1944761117
1885510569
2161734322
1885452982
1953698488
2164751033
1912470621
1922108114
1897360083
2010757848
2263722668
2155121377
1862804262
1949309670
1901588604
2013395698
2150251253
2024432767
1948812029
1877209858
2247295694
1927992080
2223526382
1985653524
1962599197
1926497062
1973986087
2252608278
1858726467
2275518094
2138626868
1949107003
2140523335
2289348103
1894898513
2169652051
1874039640
2032857947
2269031819
1967352673
1882995556
1862982502
2200957800
1966965611
1940594493
2015490929
1949037435
2191244165
2155464513
2213462920
2235592556
1904302988
2020462403
2167088022
1858112410
1867211355
2282528828
2008202153
2138512301
2024518578
1951869880
2159651773
2012976062
2232464943
1953625025
2277628748
1901695138
1887779794
1987738579
2204097492
2024676310
2191000057
1860953049
2240329884
2181387232
1880988646
2152774636
2191041517
1985727474
2169181171
1942535158
2269194866
2216291325
2247375949
1946461196
2148314129
2161470484
1869468698
2024731675
1908423709
2227760712
2157507624
2209174581
2285158766
1882776638
2218986838
2232402170
2150609992
1881427022
1953731668
2030095445
2232332152
2015908957
2271551192
1980206177
1895277668
1915109222
1967029352
2150474858
1976003696
1960264818
1999393907
2029030516
2201629821
2218884223
1926579331
2183564425
2254683372
2287452068
1924740242
2150182037
1890491548
1958227517
1940735134
2003573920
2152731163
2145096870
2261588224
2159723691
2157589677
1863169198
2223597526
2191344825
1883033119
2284342443
2145856711
2279859178
2275581571
2169720012
2244905381
1983055395
2268907959
2180912351
1869004001
1991881963
1928461549
2143468782
2203768048
1985819905
1999322373
1942832392
1998801111
1976098060
2181719309
1908149525
1998891567
2261661437
1942773032
2164079837
2279954707
2032311601
2206362930
2157796662
1885357374
2020396355
1895344802
2013181262
1881202004
2218986838
2235489721
2029817182
2227589695
2244834826
1883551082
2219099522
1991744879
1873950067
1991816564
2174119294
2027400577
1869660054
1955947917
2216418703
1971900995
1960349079
2169116056
2255000533
1967562144
2208837026
1912673700
1924613545
1993565616
2143225268
2020343225
2184416699
2225637503
1858349302
2180871622
2032379336
2218300874
2145183180
2266289959
2215708121
2166955485
1944661470
1874320866
1882680803
1893101034
2025438706
1960465910
1971985911
1967873528
1893324281
2138584571
1895118336
1882908163
2216121601
2201265681
1993547282
1964877332
2225420174
1915045648
2225587800
1942654498
2145451555
2263606454
2172210734
2218399284
1881146939
2143368765
1905358092
1910658637
1885289741
1958141529
1936690779
2287394446
2211468909
1927913073
1993959029
1948874360
2289538904
1987602044
1904062081
2181611141
2183657098
1944379020
2208493199
2167329048
2215589529
1932150433
1883420322
1860560553
1962397359
1912575664
1868906163
2201011895
2218319549
1883053758
2201112265
1987538635
1977771724
2035293903
2282352150
2155050705
2027751128
1944709754
2157442785
1914996451
2221409831
2275689400
1982932713
2015427539
1948624633
2277885736
1908705028
2027661065
1924675340
1946408717
2211229454
2176718608
1926446865
1944340243
1936757930
2027454237
1910578974
2174815877
2277692842
2186856229
1951678917
2275774675
1939062576
1980254006
2150457148
1948421770
2235378746
2153498435
2287277530
2190952263
2209021773
1874749265
2213254994
2159607641
1961967247
2179209056
2263435904
2164139879
2273686633
2015815533
1942906746
2020215103
2257270233
2138374021
1889857414
2289411314
2227558387
2161502102
1977980569
1962336162
2213322659
1955887012
1994123178
1998974891
2013296569
2287638609
1948551102
2166839232
1934172098
2155227079
2032714060
1951654562
1915187154
2172295127
2141407195
1939011558
1932089325
1887967214
2218671101
