2138925337
2094337946
1884543425
2279008894
2209390700
2159994155
1974746023
2061679582
2125115687
2279292656
2127715781
2108299686
2245022458
2132300381
2105788226
2103679737
1853262471
2059793477
2111327470
2059602230
2123812890
2156803125
2054348667
2245097244
2304753420
2247887832
2160966033
2198507682
2306650555
1974761083
2151770889
2135523992
2323418395
2279074641
2161770146
2167091336
1871279563
2093549945
2245273832
2202880199
1857440624
2294324080
2325022007
2225003249
2207017627
2213813109
2294578845
2225864266
2227013088
2094790432
2106408767
2245352391
2248092369
2125556284
2066967297
2201925368
2163403355
2273508108
2292747644
2138995919
2066421514
2188182085
1941579058
2275717021
2179984660
2234541752
2189050482
2221392764
2057120272
2057013265
2177899987
2184793318
2134901933
2158969703
2106973846
2161030139
2070377340
2320586323
2221437082
2109269502
2207323254
2103304307
1855854312
1853518636
2061515403
2165951435
2206728498
2152333609
2262835402
2204273842
2206908986
2111228069
2066538126
1882737018
2131422003
2219838047
2135417141
1882419733
2156614468
2245897537
2066074316
2208147948
2108908193
1880611589
2189136143
2153282144
2187980749
2061793274
2189410849
2154686779
2103420632
2294231990
2318431308
2179444672
2294671704
1857347681
2325226078
2320905769
2210465288
1859751737
2205766712
2130476181
2224863409
2295613373
2110723162
2164399874
2162843866
2139147037
2069451909
2294117021
2144191281
1937730910
2206660308
2127586541
2131594574
1853594635
2152220415
2275619699
2199540775
2213591813
2165565337
2134997176
2097315795
2273693419
2325162646
2152122377
2196291686
2221595428
2250158527
2263193499
2205524997
2271524739
2196427244
2127419725
2058048799
2065969505
2213739690
2188105811
2128240920
2094589512
2271610926
2204088320
2111097433
2179047915
2066689881
2320723405
2163173868
2199428268
2135300701
2159915010
2224213060
2173098767
2154422340
2079975996
2228097817
2093838707
2123439105
2103592104
2132514214
2102116071
2144268683
2294023209
2304850531
2321152468
2168738175
2128126545
2101968963
2321363600
2175234573
2058391354
2150985203
2242649261
2053384571
2127282533
2096248496
2262968155
2246536024
2245151667
2213913490
2202958144
2197365614
2268790769
1830255202
2245517991
2175047802
2224394146
1856995522
2211396678
2199178109
2151519977
1857181130
2165776491
2197247136
2190087582
2138823591
2163254828
2250278561
2111395178
2204395290
2102620282
2326357229
2062013945
2179352015
2247995864
2191366225
2096336063
2209193541
2220006868
2124959125
1850985771
2106310246
2106005672
2125435440
1830011879
2266362755
2238287310
2325077419
2173259895
2271413960
2167237441
2263143359
2056883453
2177969525
2144492807
2144047703
2155673025
2292691790
2266507690
2151613001
2058299417
2168528475
2226034181
2123619196
2080095479
2182666834
2204152216
2203054028
2067247793
2099601578
2106797630
2201711279
2227970061
2203224686
2122945927
2304618270
2152487670
2056749040
2249985325
2159845424
1851334972
2208028314
1884762138
2324952963
2145019133
2318348014
2096092079
2197048773
2067103226
2108564278
2273781146
1849897473
2106642832
2209070163
2240621712
1830179298
2210355370
1880434256
2139073582
2248220790
2189328215
2221546865
2139267898
2234294981
2228273082
1941850257
2323595156
2190192566
2306878635
2156712842
2127823082
2049467004
2101625278
2106213452
2278930536
2106529932
2131532613
2279155457
2212685970
2083513356
2124722553
2054616436
2131967201
2065632237
2110983434
2242713159
2321264988
2180089377
2221330053
2135092877
2128019305
2094865151
2097207127
2154517203
2105701998
2144407064
2187217202
2268850524
2196942774
2222791588
2179591664
2201461286
2189713098
2268909671
2221495610
2164360907
2246381312
2125194562
1830105830
2109038378
2212785440
2125743612
2151887103
2144764902
2283711272
2132205985
2189975537
2102354077
1879946712
2196189178
2061380124
2226094670
2106883205
2066813214
2306836949
2122427110
1880520999
2110550436
2105855305
2125307620
2266054670
1851156061
2059336289
2110817346
2123179670
2269132818
2058116595
2213661484
2158881443
2246086743
2256037719
2207415323
1882629689
2123336831
2211450912
2149267649
2154594772
2242774551
2131754223
2184612137
2306711239
2292625617
2160047676
2203111822
2273580362
2176432739
2093627100
2095906458
2127194507
2234441396
2106732447
2066215606
2151442115
2196703939
2238203692
1884664773
2198411457
2201817618
2212580006
2168618094
2222712357
2160844778
2304804854
2295674494
1850038925
2304691650
2080215133
2256128726
2092576500
2059431583
2273638198
2188278820
2318482690
2059717322
2108789427
1880277006
2266416830
2224587374
2153405082
2306764091
2067414961
2149150438
2109154199
2108675640
2095988459
2292931356
1853443493
2294514670
2130584419
2059522889
2189850392
2228194547
2266145940
2205637710
2292848851
1880080814
2152010496
1882352540
2184352264
2198631655
2094473481
2103531102
1853361116
2199974179
2058178200
2263073475
2271689367
2144867393
2268997465
2240529219
2061944461
2295528756
2323330950
2131840304
2132108738
2245607743
2320659534
2191655270
2122756166
2221656793
2188331549
2102512588
2326232447
2144659545
2108405213
2153476352
2320815249
2246331996
2226212080
2213540265
2200127601
1901703083
2321651987
1862248655
2263281781
2155571170
2111487771
2266242186
2201572239
2321457210
1882533034
2101842687
2067323227
2266613022
2186843287
1937602977
2179108246
1901618110
2294732707
2206797386
1884810056
1853199668
2225927945
2158723411
2294434178
1851064613
2149373652
1851226750
2110442613
1856799886
2209291108
