2011571301
2290970076
2292376599
2226467840
1877320659
1909411053
1839261094
2312090996
1900307488
2117900172
1818378375
2276650857
2256358750
2213995431
2187140159
1854090905
2254151400
2233105696
2143878210
1884033610
2278327686
1809062955
2315220288
2286078472
2262907614
2312594806
2324306210
1770777680
2258432503
2284034846
1937997796
2283832588
1885653217
1888515240
2210197805
1818278362
2258629425
2188277992
2233454594
2288868508
2106615772
2254331457
2290469161
2117998846
2272182086
2296365826
1885814670
2317264983
1909054340
1879384339
2267827949
2013974778
2185993325
2256598919
2286269355
2296721853
2279107097
1818797547
1879319646
2283059867
2073620117
2260375371
2312460403
1952569252
2020824106
2172516267
2314463210
1770680021
2319713428
1873286009
2324204988
1834233634
2038444777
2294106770
2272000904
1848962606
2277150394
2315140208
2187674989
2292011461
2077346764
1882279443
2185484015
2312668479
2256526361
2274067484
2272743173
1811143773
2283915070
1797562642
2073420648
2256305799
2276974982
1893339172
2267942412
2188331844
2144128966
2074009030
1856191523
1875300422
2276150315
2273985873
2271599492
2298958289
2139139093
2258353076
2298741284
2264291386
2292735236
1881811690
2072917805
1781309359
1875526669
1875680322
2267518208
1863042120
2293959349
2020748839
2278677776
2209434141
2115488518
2251534106
1909532343
2286617511
1952896711
2299054265
2102100919
2285446357
2280959892
2301722632
2264503504
2260491924
2073193991
1797408745
1790543962
1888309003
2233314481
2290856267
1773564361
1782705791
2276541229
2118453996
1863576201
2243250418
2272546928
1884272717
2087135851
2312981770
2280602514
2262497281
1851891745
1897782592
2210289865
2288281882
1773461375
1771192016
2278253571
2185753856
1863481642
2185622229
2256162565
2317559300
1875006523
1880076405
2325392158
2144311582
1938079395
2243321928
2248628188
1847092635
2279293063
1883584743
1884159564
2207829709
2290558545
2072986151
2073535990
2258739308
2144418244
2287962035
2248362128
2073292125
2279172349
2282809967
1888425905
2070926507
2187383013
2014134473
2187051935
2296212314
2188177931
2276199672
2144045923
1818517776
2254232247
2283333770
2281251267
2278784570
2283718135
1888060491
1871079532
2290080710
1952450868
2267749711
1879537238
2139904837
1897407729
2120457992
2290358033
1839509069
2187547330
1909327300
2117796904
2071346615
1770894916
1852006515
2319638884
1782630331
2314910445
2274671096
2261783808
2209551282
2312938362
2285261113
2074068015
2278457908
2233175000
2290636183
2294025515
2269535315
2139483599
2317098530
2272900415
1875141218
2185368298
1852113635
2264612080
2210036035
2139705840
1795711982
2312538083
1885732853
2264403320
2317393005
1883761888
2288188160
2278097559
2260580238
2311682017
1908567909
1879812083
1881457919
1792822927
1813579535
1771102227
2301640356
1921142893
1853988964
2326348618
2139806079
1930162350
1875829784
2281086490
2314987509
2280486138
2073069026
2070859234
2292831804
2301125588
2283199894
1811345527
2288644155
1818635729
2326252783
1882064827
2268009572
2278602128
2274719468
2108844895
2101723378
1883690044
2290716106
2326133782
1881671145
2118109168
2312900151
2298644615
2272421999
1811193689
2139302989
2189491980
2276905560
2276846410
2286454481
2209941743
1807633809
2167295742
1874862121
2073921361
1856624747
1950708240
1893391415
2185875498
2290918171
2277060148
2296288728
1893456321
2077524539
2189417516
2272962251
1842569588
2260673974
1770996536
2298534964
2106701552
2243169000
2292143074
1865201445
1778456881
1883912419
2262992452
2279251006
2291899957
2311947432
1862906928
2187291948
2177389606
1883543843
2231948999
2248718724
1899587308
2289980567
2280833906
1839650028
1862978010
1879271403
2019766726
2274571502
2167451977
2299299923
1909124011
2256445172
2292575710
2288739863
1778376886
2213871633
2312747447
2248506798
2272092584
2311798560
2287881661
2296547826
2209041305
2281322900
1903741687
2269768848
2243080554
2298395640
1879616457
2278985827
2258564513
2188010708
1842783337
1879946712
2209157251
2240894647
2167580353
2071478836
1879436461
1909207877
1792719103
2278176850
2267384104
2011394397
2164321021
2290244653
2278891731
2170065349
2298818307
2288485884
2286340510
2272846964
2324113427
2282960787
2292661341
1770588179
2279056692
1885901167
2115299950
2143979524
1793030824
1848858273
2274365116
2262739563
2142314189
1811268973
2139584902
2118222138
1849308368
2262821247
2188065025
1797702048
2061407341
2226563543
2317463137
2284125988
1773393406
1797130567
1807496277
1839847762
1863685153
2314744575
2280703383
2299806341
1882428466
1882540351
2251374453
1849475698
2302294251
2248812519
2260763797
1888154019
2274823954
2292500448
2142144559
2326416304
1879186894
1879716747
2188412717
2301466859
2292276295
1834389207
2289908202
2139229688
2209347162
2267212026
2288806520
2288576774
1882202480
2115116016
2070776904
2108521349
2283631748
2186903328
1813668869
1882640666
2014264112
2247651698
2276757584
2280329306
2272670452
1856108973
2142224446
1856485572
1881589594
2316970207
2192093659
2106840373
2118350927
1849195327
1881923080
1952749468
2185206922
2108670076
2187812496
2287829425
1849373721
2293864806
2262639598
2309535648
2312364679
2187227577
2283518697
1877409133
2209250343
2296106623
1953043515
2251470009
1781151877
2231884700
2291014367
2272312842
1881540585
2312243733
1877496039
2070656952
2299195081
2314584903
1849041678
2267660553
2231792506
2186983302
1781013377
1797195674
2312825085
2144232011
1792624318
2058368466
1867702571
2120578318
