2154440833
2024980360
2161652146
1940632957
2304525179
2020404735
2087096830
2268657380
2223072508
2029651137
2037207584
2163423630
2037894112
2193002662
2275438934
2095647969
2138693635
2040393577
2213350780
2122158868
2308808764
1954140027
2265673898
2211316591
2257130528
2087038684
2326921431
2259153742
2060533079
2119316028
2053290115
2327127355
2322575712
1922294942
2193106097
2001398854
2293278017
2122036809
2273441710
1936482683
2007921696
2244424451
2119046162
2148188941
2300647300
2239954408
2022597330
2022964367
2277478946
2150987216
2007163512
2145061128
1964157520
2265721573
2040049691
2275677806
2159696994
2109582510
2163616154
2020228778
2157443217
2050698118
2237517152
2275612211
2118975580
2022809581
2227898267
2001320634
2025382851
2159541295
1960212176
2053091211
2086877635
2150243557
2007855521
2308285915
2014968860
2027309411
2086928094
2300566756
2268732641
2241921593
2029527324
2109613972
2140429765
1951599868
2126191316
2147451469
2268014647
2239884551
1932039085
2131371654
2150072095
2271091067
2152554113
2186814964
2180894451
2095558816
2138753204
2188516672
2055330448
2138921965
2029377226
2322748596
2166874809
2051019094
2133978284
1953900816
2244784348
2166958066
2252365694
2324434864
2043000778
2271330851
2157289653
2157319645
2007464046
1933722454
1949033911
2210945527
2235172557
1954036872
1955933069
2155241525
2040590128
1948797419
2218946004
2206604198
2050803567
2237752555
2150702645
2126129697
1930217746
2072174518
2203956898
2018485641
2240150178
2206513943
2157410519
1999080737
2111654176
2169725012
2324372667
1933816656
2297427086
2143352380
2086710763
2150551852
2259117199
2022641687
2265799457
2045140849
1967259294
2223132829
2027241841
2068153143
1933853296
2235112794
2322294581
1964888563
2192963146
2195439871
1964622258
1960022256
2037783924
2119149573
2320010840
2078555818
2167195669
2265925495
2166326422
2240107507
2134282475
2183507693
2211168565
2001260604
2040439243
2304480322
2257025469
1962139171
2320304209
2320186619
2150439378
2111836093
1922371075
2265848612
2095706206
2259020093
2050886658
2297377592
2087154501
2024917913
1955546301
1964397541
1936429949
2138810531
2122111539
2029447041
2032385819
2131310777
2053169424
2081158537
2037326699
1964676594
2320159320
2161464502
2027499314
2320129661
2244365935
2124046232
2111621379
2013376821
2225258028
2155130179
2295229884
2138289220
2304437434
2057775344
2056046690
2015969027
2029789266
2155068357
2076507529
1924259646
2297261839
2295293467
2188696776
2237704275
1955830942
2086645040
2161554837
2081047635
2008083543
2227800151
2053527265
2320443652
2026957581
2080990345
2042652588
2218841048
2297586407
2183660394
2131423290
2037661395
2113852106
2237794455
2081196352
2027376463
1982921009
2164442223
2047513691
2169609502
2055689076
1932007871
2180781260
2275538524
2005114885
2252089602
2213270834
2195499060
2138637949
1928237529
2322514778
2324499891
1934158548
1959958970
2183344281
2174217868
2119240279
2055719202
2265769591
2025297439
2324554737
2265870135
2138978367
2275395466
2163676234
2092827957
2113995010
1964745044
2109551106
2324931590
2074895358
2164375121
2239992230
1922131322
2180833745
2007774563
2163924565
2111795194
2018347624
2131191333
1962420660
1955642189
2324880792
2143503269
2242154220
2188666759
2161496663
2150182498
2183891588
2119767054
2081103822
1932123605
2026996155
2277606727
2324848904
2029588669
2169795236
2037589544
2020357620
2136435286
1951281079
2148529018
2271296481
1953802747
2045216908
1960632060
2086764191
1930078209
2161591481
2015869855
2142802457
2180713290
2140354653
2273199490
2111747669
2273725327
2155168161
1955806751
2172087186
2159498018
1940585884
1980385513
2140659030
2042930971
2145614094
2326895437
1953845302
1933773833
2155317144
2134166591
2161369578
2206389258
2111687341
1951200997
2200651149
1964351293
1948969934
2171657896
1948867817
2143308019
2029715283
2128593188
2111557318
2151061039
2304372462
2211219214
2169457736
2308339148
2113914480
2150603886
1955863404
2147386922
2166778546
2131246073
2007041994
2306652331
1955712534
2254797516
2289298749
2256984413
2174300863
2277435306
2032438835
2304342708
2213001886
2166239849
2150654475
2053114957
2027153673
2161796466
2097132656
2133920053
2240026463
2186764961
2040101629
2193065254
2023111266
1980012044
2327077783
2203912350
2171758649
2206446674
1973677105
2195584784
2032503934
2167100475
2027105549
2225203835
1955755696
2297320841
2237594600
1954202626
2277334706
1955986754
2023064750
2159563321
2058195336
2188574774
2297472423
2273371703
1998991156
2183595380
2025239750
2022704248
2020575078
2325023250
2150486471
1926371374
2240309754
2254721220
2273234447
2020318727
2140517667
1951525631
1964025332
2244484547
1951170736
2310863669
2326964887
1967213573
2157093822
2300274773
2117126529
1982768022
2174264363
2143427611
1962541599
2143216122
2308478094
2293339222
2059595727
2150912390
2045388283
2251838831
2166696175
2136501184
1960162301
2040213146
2300357483
2013493541
2169667738
2213563086
2123981478
1987337596
2138854892
2157356930
2297532055
1957842393
2188627881
2268839569
1932083799
2183432098
2139042447
2138371802
2171714279
2244726749
2038001276
2020520110
2320504777
2166407123
2020477292
1954097260
2050633858
2134076619
2059671629
1959982431
2157511201
2027575167
2122076911
2308447124
2241800834
1953965021
1996454181
2122198815
2322690870
2322207073
1934071150
2086804631
2150837759
2022880756
2213431226
2320063154
2257063033
2163519261
1982842879
2318048482
2320385159
2300446370
