1047646132
1160811759
1046684925
2060301985
2065180163
1053200696
1679038246
1092204923
2057312751
959844763
2235605060
1043000691
1620905176
1957265357
1942974669
962158859
1037605373
1018815098
1043953647
1947759291
1939243096
2049546336
1932738493
1041321134
1044070710
1083439169
1051715601
1962664694
961955672
1353563569
958796807
1045058167
2035057264
1957596281
1077704652
2040407162
1001222369
1020852826
2055043643
1656735119
1085386672
1047943204
1064654473
1003981037
2082840749
1997760321
1011640596
2065336715
1051309714
1083973975
1292965021
1052830943
1020719802
1020995167
1019045244
1054004123
960789043
1011822661
1045592053
1083381187
1012005720
1959610846
1620766703
1933334906
1034738547
2020484764
1053420426
1020392805
985082601
2102372816
1291941096
1079431316
1053029294
1938185113
2026122164
1032992097
1052021209
1011732422
980890216
1042803235
1857485260
1623226915
2051291175
1055586475
2209633725
1925761948
1684400416
1688654408
1047847974
1960539796
1047276614
2029501853
1869883432
999792085
1957445527
967677361
1037345379
1656932471
1932297358
2094527777
1938063981
2035248526
1044885213
1070142393
2029334615
2054812833
986887869
1924770874
1039937194
1052767610
1023038169
999096680
956542430
1686152198
1048620261
1033723703
1206429071
1004217542
968060497
1958701285
1686479819
1878648151
2159699115
1016865146
1352262416
1020298312
1330793117
1870397130
1684320776
1046972671
1290988928
1962449639
1051819748
1353478294
1884788850
997721617
991196607
2054283358
1053779803
1686576565
1621188878
1687994496
2058103477
1075587590
1684117260
1066285177
1023188207
1939179549
2060340417
1051921871
1962725429
1044445510
2049436657
1160294041
1683977178
954709516
1075668948
1046439969
1042337439
957130921
1033062249
1921240844
1050643508
1012501429
999974236
1894198741
2061538788
2052393941
959887695
1925867486
1050727327
1942620690
1019174340
1352184219
1005383036
1800245220
2020369309
1869957123
1052911186
1922575224
965505599
1077545362
1063565525
1620841718
1045318028
1871217285
1023259489
1876467439
1687792668
1048557192
1684543250
1075990614
962305261
1018522157
1182053584
1063013116
997831427
1904388238
1046572762
2065245665
1062708049
2055189595
1031926101
1208738553
1005957196
1017201780
1005443939
1196118750
1055760617
1036833116
964374495
1189509895
1083847612
1621289921
1066142836
2048570637
1702079501
1020427327
1036891815
1960427353
2057637476
1680591994
1680493471
1037247297
2055129029
1045420018
1181917282
2205421695
1001803729
1042714148
1076161264
1063485349
2094424809
1018316302
1070208283
1942750591
1684260203
1020343806
1051621808
2088174572
1012219395
1688758876
1046865896
965585128
1053910433
1041469811
1181976360
1038830280
1004088642
1038697819
1958560086
1680293029
1005677392
1064747338
2098826475
1077848001
1078136049
1984485858
2048340689
1001978506
994021328
1020227721
1052960715
1038673088
1857113909
962405219
956932711
2052046084
1942800902
1054173036
1700032734
1684459244
1943030760
992069064
1038975435
1918390164
1041596543
2055740116
1038589296
1043866085
1924688846
2057389364
1033291177
1006169764
1047186648
1353355147
1066342576
1009435800
1365352484
1018733594
1077646994
2060525091
2089476265
1871306120
1020463668
1206799388
1033865829
1053654390
1018371361
2102679345
1035241289
1688860241
1878736173
1931279829
1226259919
1011917184
1038915340
2057526256
1960490954
1075805000
1005789603
1688521977
999200100
1687598148
2132860714
1077753339
1017323163
1084092285
1873822486
2058142405
976997502
1009833416
2056082400
1075308581
958013231
1004318035
1055439120
1196237792
1656837505
1048494451
964587313
1040181873
2060393330
1073334411
1902725795
1045206199
1621985366
1942858934
1613626694
1055324931
2052500902
2052149594
2058040265
1315809804
1684504511
1018454696
1040042680
1041971851
1046807022
1957356690
1260403117
1353648316
1047875652
2037648864
2026278772
2062845070
1016551230
954576878
1044270625
1006061008
965684711
1012347160
1032939503
1001106184
1084440582
1031764577
1925686409
1958380508
2184214842
1290824692
2054399807
2048690121
1620979574
985166082
2052265659
2055233160
1059342021
2037898284
2102502141
1070391851
1016630706
1070305285
2035319195
1081630259
1290892593
2298159527
1042085636
2054506754
1194193762
1686400128
1033491222
2298264206
1037463701
1940991608
1017137804
1031486880
956851197
1291773805
2035179359
976916742
1059394167
1044152683
1086162561
1932240969
956713689
1053512908
2054916681
1053290350
2209752550
2035395356
2159751749
1621872107
1081779392
1074235299
1873736512
1083312545
1918278792
1045505157
1957664840
1959336451
1063379464
964260714
1044774846
2055970682
2051958797
1684197091
1034826866
1032006386
1621735533
2035488555
975023357
1048453281
1038513083
1047733366
1064547900
978669359
1017006429
1044175444
2057478689
1086019941
1050882067
1959244741
1036759469
1191780018
1005571370
1050797655
1021110912
1938282610
1940929985
1020188292
1051466270
1070489299
1047400112
1042201730
1942541057
1023435659
977128349
964142683
1200853854
1621101943
1686686671
2094343755
1016694113
2057681901
2060253620
1082618890
2037564662
2184352217
962054548
1018963460
1700202798
2029393045
2102595949
1958303666
1021192235
2057200056
2057435360
1025494564
1680418594
1054112163
2029447374
997955811
1042931623
977071862
1680181794
957204241
1523910757
957029731
1075492095
2175576204
1700097961
1679105799
1620682742
1018665817
1042516315
1958481176
999312210
1037047453
1686264875
1037129705
