2307778143
1681412879
1890778671
2273119778
2025044309
1845209159
2313147751
1737324675
2297092716
2289004050
2230932116
1631409373
1614931265
1899185358
1715589674
2137774956
1642721573
1648261741
2256105876
1625562745
2105591216
1772871385
2146669730
2165579688
2270840605
1893275070
2145642503
2231572049
1628395491
2281668674
2136644396
1858093469
2289034235
2286965566
1906541172
2112229966
2122320007
1836463205
1622466010
2122404587
2273176392
2273069006
2297334587
1703932426
2237026028
2211134691
1897483457
1940759830
2033639928
2044344453
2272795923
1897580182
2122249302
1816887135
1757492310
1899815226
2322848438
2297274907
2302905319
2141228943
2163436119
1635656298
1706449610
2051781017
2156114991
1638096685
2301521004
1598601287
2114201540
2296891494
2055036203
1838732564
1759056557
1893203143
1940645063
1681950082
1703714626
1879282365
1642810170
2116877869
2297554531
1867061026
1907296940
2163349384
2165725727
1891444643
2183650453
1734889423
1917990215
2236846197
1894157536
2248851433
1902136750
1852632347
2057145561
2052043656
2185763897
2165923853
1900244116
1643412513
2033803797
1723598610
1820965022
1819067452
1775398055
2297164353
2237109874
2253800739
2025101815
2051370287
1829168305
1612702793
2024877171
2301415100
2321336699
1622385638
2147060534
2307681949
1735081037
1772812372
2304654648
2281625411
2248450348
2109560551
1887625488
2151946609
2251387293
1925113113
1891597721
1940607757
1628248659
2323676864
2209788045
2270263312
2271033614
2180466964
2228733110
2270982233
2054486922
2161087983
2122798243
2253532902
2267500849
1852552220
2035170923
2163694348
1902259787
2145719575
2272713911
2124372568
1915673999
2248570124
2209052961
2319172418
1814959466
1956945221
2291041653
1829310493
2163591639
2307591892
1827014727
1969215637
1676845020
2302842537
2033439155
2013236868
1905080036
2211195590
1640634176
2209557978
2244323607
1969033478
2180267694
2254518462
1799175860
2315625023
2272863759
1895499574
1625635751
1894307013
2143535046
1817115903
2231450540
2244400989
2041128820
1818936335
1899459710
1625277741
2293036250
2216168423
2160898172
2291015061
1904096422
1642891185
1681569337
1954887921
2270906596
1612678705
1822747313
2146971684
2295069349
1901328631
1926963027
1904960315
1625761256
2109904486
1598716366
2145870281
1836232312
1731724219
1877384827
1682005734
2026170137
1940728173
2026384311
2299058223
1900409462
2304616102
1899144402
2022669559
1901651546
1888242672
1827213836
1901922931
2177944890
1635581656
2284366107
1896231409
1638328146
2155772307
2294971869
2112119074
2297477877
1615007274
1769951702
2322703083
1826857577
2321456532
2229378948
1870338626
2137681602
2216546765
2324970688
1918140071
1902421103
2256210033
1717883227
2165809067
1881364150
2302070180
2245763893
1894398270
1681261088
1628339622
1643017081
1622622914
1770029604
2245900490
1848558674
2115985186
2051615915
2295128978
1625682974
1714910061
1625454772
2313221194
1785970005
2180576104
1601627317
2025173167
2054642417
2236733639
2054079915
1726089430
2254404074
2161002294
1879044924
2313296279
1847676511
2112026348
1899292032
1893163983
2292993981
1615098727
2273028312
2156442953
2054380055
2136717008
2299192365
1679459536
2124455206
2287001106
1701132976
2272952112
1969136164
1753910530
2115749671
2272646311
2238765313
1890918177
2180365994
2151812246
2054773852
1915913817
2251046671
2231212161
2238653182
2163526381
2231333814
2122169780
1815318621
2313385649
2293064461
1940832610
2216284404
2237249572
2145946695
1615208121
1828998548
1643780135
1603264275
1706590417
2249100370
2209640191
2044482412
1661391680
1896054546
2046095425
1681878141
1887698659
2051922708
1620189571
1745056982
2248322364
1726189117
1715007683
1838667430
2109770969
2143699106
1881584552
2183612661
2053973758
1703998769
1714687292
2301989140
2323844378
2085554465
2297826751
2041026636
2022777870
1676387628
1899216375
2253668370
2146844377
1892989709
2052126546
1717754495
1832893872
1875361842
2228865734
2231051160
1619735771
2313739352
2078452654
2051472157
1706382751
1904474174
1821260465
1615294470
1901986783
2054184940
2316543675
2314481779
2143623981
2187809974
1602999691
1786525243
1731261707
1827274263
2148761527
2295013260
2111824767
2035265908
2314365278
1917845784
2304747288
2318210422
1903987009
2307501870
2156281694
2109846205
2297424679
1696460249
1879205005
1814997014
2182722672
1904806996
1815277056
1682639783
2226306546
2111880124
2322925020
2226423746
1904659817
1731339487
1628465962
1735233753
1846171661
1612610100
1601554400
2155986755
2291076515
2209125989
2267901041
1824973409
2307379790
2315682140
1739981280
2114133690
2250905053
2301739850
2026255957
2246092362
1879120299
2034028859
2297721664
2122476498
2033921372
2284324765
1897310681
2111472672
2314596258
1897140364
2313970511
1912993102
2289073622
2297639740
1622530958
1860803118
1625371450
2054292866
2178054844
2158513035
2041275526
1895350636
1825102499
1836344849
1891001193
1895416526
2024927207
1615243200
1638237151
2284262088
1640550352
2286760256
2114250319
1907052836
1612746762
2117245821
2322755956
1881417212
1696321368
2267412365
2149531132
1885646807
2301887535
1836061773
1865605141
2316029740
2301658074
1638164477
2297225805
1635721001
2203802907
2229287941
2248716087
1700835813
1615160887
2315930957
2150951428
1824709241
1901580799
1899373880
2250766363
1656861869
1893095536
2179997275
2301802618
1836121595
1656939679
1679276309
2146016715
1679210962
1899424278
1827135400
1770079586
2251473100
1897669928
1679490214
1817060700
