2287973541
1953037013
1125781868
1550881075
1586422238
2069413572
2287597023
1188304787
2318249436
1200919221
1851159415
2287732126
1141785620
2310507741
1543898924
2069283796
1863074788
1141839356
1631334763
2318590877
1887112582
1852236988
2284654847
2080444955
1873052520
1641720651
1873640195
1231208886
2019300682
1821594383
2044128578
2172619988
1714228833
1543238335
1132111083
1872884993
1551691869
2056192806
1602087746
1631411083
1863233601
1885474374
1638609102
1637023562
1633572495
2285391810
2282757628
2282318348
1850353092
1643360239
1636073454
2318217999
2284716812
2289209569
1634434884
1820772771
2287794208
1867775896
1717310807
1822590632
1819506657
1848433516
1835211913
1633912571
1246157971
1648396306
1852829712
1863006861
2179634259
2287266227
1874655712
1231305187
1589990350
2284945940
2287436004
1783441744
2318321040
1551550419
2024211877
1639239396
1635989576
1631269211
1589259199
1544330847
2293576210
1638692541
1638484396
2289792203
1580745155
1135203313
1703459523
1873222995
1575498038
1821299267
2284998771
1586151362
1643435975
1832603847
1575684983
2309353997
1602451401
1636238660
1871898269
1131889115
1231693101
2178756224
1850539936
1703419353
1873475848
1296419311
1230852129
1819655316
1643838339
1636183784
1543679501
1586529111
1863930057
1638533644
2291320556
1953420361
1634252402
1952941357
1864412504
1228620813
2293846054
2309553175
1544182491
1832671584
1832744448
1717425388
1553822393
1848595485
1817870690
2174818017
1643773229
1239496102
2287383166
1132336715
1775283326
1231816996
1636488339
1629704610
1558477341
1560737948
1952777291
1874488708
1837141591
1875300085
2172415050
2282674153
2288237826
1383326898
2181443009
2174410692
1589074992
1834550525
1884941534
1543294219
1833880507
1832407989
1581280876
1643662427
1239971813
1831957249
2181662379
1835271537
1126218423
1141724452
1850582560
2282178783
1852691738
1637162711
2293712839
1602511761
1240273795
2289591348
2288157549
2310427025
2282660789
1868911912
1125884557
1850482287
1834807960
1580680150
1863558858
1822377056
2058422059
1886782546
1296694358
1783580348
1589166762
1822165814
1633730988
1638773851
1543500690
2178670305
1703069913
1581102511
1551396623
1836539040
1610614203
1602160614
1246460521
1228544069
2069049685
1633512813
1819405326
1873813590
1551214987
2178605492
1863696256
1230765341
1637270711
2291271668
1714765478
1832506053
1952689431
1592172464
1835078647
2293211114
1643498624
1230676975
2178638365
1953130592
1548950890
1639016629
1141173647
1230950898
1850192515
1636434861
2055894516
1553754104
1581205129
1581014717
1940040599
1126072167
1884830394
2024082991
1648492760
1886595875
1631931398
2293515442
1634351006
2319105982
1864221295
1586225205
1543428949
2284598248
1558384192
1246322366
2181568130
1558652859
1887001729
1720192905
1868808086
1132217114
2291741279
2284520970
1548584133
1136375681
1135339259
2310056713
2054162880
2310248974
1639388698
1551153830
1631489962
2069716389
1819157540
2318414693
1602607610
1863340267
1240442005
1602210412
1852790955
1549412289
1850424386
1851098459
1953336886
2318178553
1125950776
1580868107
1637407180
1818177391
1549108500
1551012016
1406362959
1592093588
1832262498
2080320783
1542336698
2310169444
1717242778
1543337726
1560499417
1703170209
1634180202
2293157425
2289432077
1589898009
1884891182
1864083116
2054701895
1231411872
1641270869
1586620045
1643571339
2285162863
1717363249
1639108942
1952514648
1852388915
2323146600
1819589949
1871959992
1591966401
2055687879
1296248520
1885015408
1239818896
1834969217
1641467487
2291567829
2293466565
2287171012
1850283686
1246247994
1230589945
1871087637
1641637997
1633682644
1127949755
1551296765
1633604380
1132794473
1633639119
1648556916
1702984655
1820864592
1720076074
2291699925
1870996434
2291205389
1942891205
1634633593
1246015066
1863839951
2309442198
1821429442
2054487088
1822279915
1720003401
2318466942
1636030455
1775137930
1611301425
1819298895
2318512393
2284780713
1575608220
2282057090
1822064510
1586340354
1703355377
2289740316
1887253834
1848505539
1852052148
1641146325
1631190913
2310335535
1852617304
1637513935
1240159556
2069188171
2282431688
1549224801
1720135063
1560661217
1560571451
2104250538
2285300922
2288057308
2289158634
1638832790
1543816304
2308755693
1643988536
1636298231
1636712348
1239681274
1852865395
1633540292
1239396585
2309784596
1833488124
2288399804
2291507576
1580920400
1863457664
2054357152
1953476745
1629602298
1835392184
1550969235
1863118002
1636141882
2287110127
2293780038
1245905081
1641341921
1868621338
2287663589
1126171597
2289372522
2178696821
1581471569
2287570168
2174753802
1641088339
1132436615
1834707547
1868215057
2173185268
1641207600
1884743510
1592025726
1602304878
2178803228
1231578971
2287502851
1575542150
1239589045
1296565942
1714439188
1872486467
1714353005
2291461165
1871154716
1852516900
1575439686
1135078970
1592282219
1543596914
1875972325
1580797593
1581375937
1953247039
2309643138
1548500030
1832151648
2178876041
1719854918
2069572993
1549518045
1589727453
1125490488
1868368926
2310560495
2289660701
2172470576
1126925705
1641839616
1873747434
2172510026
2282561338
1127758889
1147199054
1602377947
2285082145
1589352581
1648328353
1870846335
2287211121
1558551887
1390300112
1887189145
1873346447
1638945487
2282119567
2289514903
2023938305
1636614267
1703275902
2181789719
1544037979
1631145564
1636797070
2309957206
1633999090
2293627441
1232006406
1634061016
2287076499
1822509605
2024357118
1383196509
1590771528
1714509769
1850071966
