2181416450
2236731262
2307647938
2237818037
2321625436
2196996598
2253616258
2238601978
2213738097
2256312757
2178963823
2232968468
2318831168
2318590877
2208969446
2188819108
2314559199
2195490873
2212378861
2312295726
2222099350
2206724478
2221407030
2226642395
2185089829
2182278909
2180222878
2250122681
2277560154
2209200348
2245273832
2325762660
2213322980
2244863522
2209966823
2317368137
2275627681
2241316519
2212112094
2232441074
2326049526
2229940759
2230069065
2319405491
2284716812
2252845006
2225987255
2319577148
2314826419
2239396720
2223598818
2223469621
2257543092
2219233847
2225851366
2216079697
2259376889
2188956023
2232707827
2235344903
2241720448
2227861457
2223410157
2209791467
2242537141
2255903079
2249717231
2260675792
2213513117
2184806939
2256368292
2224325271
2189477078
2235643196
2223722130
2284790543
2221468855
2211282802
2289493736
2240317756
2219131025
2201207441
2225523018
2206813223
2219738524
2247320875
2280796545
2260600472
2235750708
2317493737
2250753393
2201357503
2318678143
2262822635
2231293827
2236216706
2314335447
2198403756
2282572556
2196458420
2221982976
2290434727
2226352987
2229888726
2211468029
2180272677
2230849866
2225915405
2221222757
2314038860
2191656850
2189333669
2178037397
2274562692
2286500468
2214430935
2245045371
2179444672
2262952340
2226810342
2206606308
2286611308
2241795402
2193448576
2318379164
2180088811
2317614229
2288534132
2282182780
2208885562
2243077285
2256252393
2259906212
2206660308
2215711312
2318460501
2189097618
2251136071
2223537568
2177581502
2280950881
2260262924
2274344452
2325881054
2230008737
2182762105
2262725257
2289358173
2208747685
2252281939
2282350909
2208802874
2253851628
2187035078
2285725014
2198327831
2228775208
2242772056
2199304784
2187285475
2184201413
2279872442
2209585382
2287868026
2202568031
2291867951
2287572946
2314174694
2211404865
2318336801
2229280135
2291588236
2290094720
2253363370
2314451514
2219455898
2198082559
2200033220
2203819240
2293531348
2317172990
2291511655
2222220515
2253753166
2186849933
2214313455
2182658663
2255266272
2262219325
2198258678
2240893096
2187759618
2228903901
2227738268
2214153819
2240174935
2211168412
2209678434
2303384847
2178853041
2270255857
2214041872
2216765141
2226034181
2245198586
2291647189
2221288411
2194094102
2256082185
2184022184
2213801130
2202381529
2278679804
2224041478
2242844736
2281963510
2286431885
2274444041
2282037554
2262058445
2196091545
2195896281
2209052737
2247131245
2213656797
2211541434
2312225072
2244733182
2269996703
2303608283
2270371187
2206526793
2316851506
2271217916
2188876173
2194423568
2242699267
2227817547
2319909632
2218611133
2177445884
2304873262
2204016445
2189790249
2217014243
2290581693
2189045902
2247398841
2218821236
2199783748
2204413148
2250193085
2221509131
2214636178
2191855920
2252722699
2247673976
2291942066
2286052340
2314720277
2228647964
2233102249
2195550869
2312122920
2270108517
2186669377
2177918865
2206272847
2182542217
2199511258
2191056826
2260175213
2252393206
2287637769
2219610552
2178141214
2291730576
2238925120
2232541627
2318738315
2209381039
2240621712
2245103380
2238013402
2211641216
2269935364
2261607296
2237768687
2197209798
2263901757
2243213557
2249850062
2206400185
2276642918
2272573825
2247468753
2253222991
2193205154
2184483643
2262379021
2292094274
2290329305
2211967307
2253490597
2254767087
2213443056
2195997450
2279155457
2224597694
2187148918
2249955811
2212274909
2193515024
2186800945
2239081468
2227945672
2213372039
2195451265
2186597770
2316518336
2229171704
2321264988
2221330053
2252997853
2216309410
2188775936
2238084136
2204152216
2184369241
2203763356
2187908144
2193817444
2242954900
2255789942
2179591664
2278447670
2203725401
2257320671
2189168005
2259671999
2238723674
2252479690
2209512221
2235487210
2242419303
2318512393
2240127962
2244951165
2260515340
2237946524
2226094670
2235563326
2229833841
2202233089
2282660789
2319777011
2280261654
2219327712
2286327958
2282446736
2189579303
2243282645
2191772374
2179856424
2271365255
2321511244
2225573310
2291229787
2206490799
2193971612
2239226859
2217152131
2231017173
2189243606
2291391041
2288000818
2211752880
2232867344
2287175810
2186728630
2319838326
2237882954
2218741597
2206897118
2282104289
2215964957
2243457277
2317034648
2235432753
2262576150
2195770964
2293588213
2178898594
2204344321
2235940616
2219017250
2236450363
2240382781
2244637996
2285879686
2259479996
2257694065
2252602841
2179733524
2233208472
2260357962
2225627692
2194536529
2215889876
2224492934
2250603095
2227690804
2187617997
2275725643
2303500195
2280074866
2255461719
2287234918
2189696599
2242607836
2201943080
2196341148
2226167200
2215815692
2206457459
2316624041
2240257515
2255676185
2282276364
2234333765
2213895008
2187373375
2292453529
2211859303
2209111274
2319715675
2235198094
2218545147
2202114318
2216876759
2216214437
2211349669
2255346260
2272663470
2218918063
2247573927
2211011152
2291464005
2230695518
2198649399
2186916343
2225787231
2231123918
2241588218
2323829920
2224140573
2203885164
2287799965
2204084710
2277688459
2260038521
2206325206
2213277240
2325485711
2248037136
2259592731
2244781527
2249615454
2286220938
2289416264
2228028378
2186553792
2229066588
2325638281
2228163886
2204269442
2269758261
2292231196
2271294391
2218674146
2263983786
2255592162
2231462779
2186959677
2198174426
2213567927
2201572239
2280161553
2223646855
2241473909
2195692705
2317266475
2284857609
2187505988
2316757013
2181332732
2278535513
2184968202
2179962714
2209291108
