2289087077
2119674803
2200933361
2165537128
2174550103
2254371638
2306545047
2190915778
2076601211
2239741559
2285969336
2119592884
2076694432
2279261747
2136215930
2102897933
2268007179
2281732803
2254291974
2119637167
2306470587
2304388277
2150209388
2285770239
2190678186
2319301080
2080724154
2208593058
2080811639
2119495024
2204906569
2288959070
2249132550
2137837454
2190819577
2256820065
2304315052
2186133181
2078424827
2297363202
2161575920
2076403572
2185363786
2248956364
2208449214
2080089428
2296108899
2292245691
2091484683
2115061606
2130757684
2186240662
2283080922
2120218909
2189645002
2081512245
2156149539
2126168378
2080587042
2081401853
2320135142
2126101897
2166615777
2306594822
2304483217
2107412308
2206192885
2205237336
2080889983
2243540472
2299032805
2155996591
2081286135
2076664115
2163698583
2185253059
2255789594
2115246586
2306515695
2076541949
2171817249
2245744116
2086141762
2125878851
2161511197
2143166452
2146946741
2154416725
2143319487
2322416075
2109568432
2118851920
2163428468
2107326746
2091114261
2279360448
2091234832
2107225052
2180331322
2165988816
2100275151
2116530783
2100075343
2160918766
2161481758
2304446003
2118566692
2174948638
2186288049
2128457474
2076347505
2187884785
2128406893
2102655374
2173921343
2114542153
2239798994
2174620226
2113860584
2286826538
2133933308
2286757855
2114093438
2174855122
2090446009
2080940080
2081877084
2205876738
2171781664
2113924500
2318013609
2161702021
2127925368
2200519519
2190024606
2299917083
2175265469
2100215859
2308566151
2190846096
2107151053
2269794056
2091382337
2138402719
2074634346
2080481437
2119454318
2109377922
2318050255
2214666814
2225392729
2096638472
2147655584
2100372578
2127842283
2119547291
2205935612
2308615504
2062271661
2299722795
2253621664
2158697943
2131005297
2108932607
2133861676
2127446995
2130885273
2174170064
2295077664
2306402177
2299848953
2222946852
2152672344
2174302264
2239928760
2268333108
2289054148
2287979641
2081684048
2133709296
2186057083
2289001412
2143106562
2163650417
2286093514
2100456208
2145369869
2218199316
2189921604
2119338156
2160978027
2114314459
2248875791
2286153300
2317963943
2080344478
2114392076
2080209335
2189794305
2111495091
2160811809
2217976917
2317846960
2114198573
2174012340
2107043141
2119390278
2130945821
2090829717
2114045486
2136356400
2109700604
2163514828
2321273592
2266805176
2185957964
2299791316
2223025149
2299472259
2268246208
2287879108
2090511156
2128227409
2292125930
2180634864
2143070908
2174096844
2105869014
2081350578
2226722401
2272146953
2116049340
2320012274
2175086981
2102813462
2119195937
2161553669
2174352385
2109463048
2125789417
2113779309
2204733605
2119228538
2307708359
2140736606
2171259034
2090746303
2147683289
2076800332
2288066961
2114449706
2125936323
2297267684
2254434044
2326690037
2086209387
2090862197
2125628559
2273132683
2225420919
2277377045
2074480807
2143222610
2268076338
2210197799
2138465036
2136311330
2118484128
2119765537
2208563618
2106941683
2161335459
2236412772
2304520434
2140519387
2180414499
2268207672
2128311630
2166579565
2163593624
2208665979
2136120017
2142959049
2143503269
2210409203
2159371076
2120370171
2225339637
2090670124
2320107123
2218152246
2127695116
2294136921
2205797075
2187669749
2119088828
2180502398
2290235873
2115375090
2090967061
2286888556
2081574934
2150375702
2100414722
2125491417
2288211397
2076725356
2249208047
2188653108
2064811435
2174263379
2130588022
2123123062
2243834200
2206117052
2074572964
2136176686
2190791282
2319389970
2102870452
2097230782
2161627496
2185644306
2279326086
2322338834
2119427976
2279420061
2128075379
2245835381
2249026290
2114254680
2119729036
2322100364
2166195984
2131116939
2143128087
2107292411
2185855956
2171367035
2222879259
2308480302
2100001148
2116300530
2078521999
2099778588
2205164486
2120051554
2166282896
2091329605
2146856924
2272265124
2102742529
2171539420
2125713446
2140673473
2140611465
2272051657
2150274260
2076765296
2229660763
2136383375
2143002174
2186346856
2144539116
2114993018
2225287273
2304349344
2306438616
2091068417
2081007262
2105071109
2119810092
2127572433
2119880269
2143374615
2161443051
2174204349
2136448438
2074539585
2171591924
2185713518
2086061469
2131056820
2174078132
2104920955
2304259525
2076481120
2131160535
2175335458
2297212902
2154047742
2268376168
2106729408
2107384370
2107098469
2232055927
2166048694
2166119077
2156257132
2120444938
2180555079
2208637664
2190738093
2268152029
2295046733
2243681784
2147601190
2190877645
2206074555
2286920127
2133810358
2081242648
2106638810
2165393971
2116459051
2118741528
2090597219
2128146640
2113630457
2208702667
2136411617
2326732583
2133770946
2118999826
2090788397
2115154394
2281081837
2090937923
2294971061
2239874004
2085993790
2322462963
2109744121
2200620651
2304420061
2109600730
2136484073
2206034090
2138316882
2100321741
2143427611
2166657422
2174755217
2206161857
2120939079
2090382996
2147519983
2185539825
2175171211
2114149427
2208514971
2159433438
2100162903
2200420834
2204433467
2229558296
2102546329
2091028820
2081767859
2171638302
2123229242
2150318934
2090893158
2200292574
2285612869
2187794037
2081461879
2229625224
2120660938
2297320580
2295098638
2116387099
2105004766
2180282347
2317906870
2119281303
2299232884
2154159689
2109513474
2229702404
2127287912
2174397179
2111460871
2218074307
2282934261
2109547571
2277401197
2173960265
2318083903
2136262617
2074602879
2150154103
2142922991
2119984011
2161378963
2320055777
2303501878
2152636310
2109629263
2277429192
