2237006534
1812440523
2307353479
2238601978
2304763338
2279292656
2269714127
2303178744
2309273958
2313960005
1619461995
2309151449
2244489046
2320836389
1798365497
2270442861
1784893523
2279245417
2031079489
2272678173
1608679205
2244109061
1784960711
2270799853
1878016091
2289700758
2238420395
2291316901
2302960721
2238772280
2320638815
2291812537
2266178549
1663594261
2302780325
2266477947
2253194742
2291683545
2270646382
1855818814
2293304976
1832187984
2303943509
2305173786
2273508108
2312403146
2303333142
2301811519
1612453840
1618658547
2293707811
2287708312
2290481103
2277507332
1611062394
2259197378
1645905889
2298201903
2246395101
1618298119
2320705534
2241767242
2275778641
2322234058
1788330431
2287162595
2307746808
1755725957
1878147699
2238969412
1708954902
1679061754
1832071660
1728765199
2302152821
1609540691
1618474334
2309353997
2256937535
2318412387
2326141676
1661675516
2240029148
2325919037
2248830508
2238294385
2263930653
1798433653
1878273691
2244377798
2322010800
2293419109
2307836495
2237089367
1609629566
1795170287
1676532308
1850621674
1639461749
2242124268
2292266363
1601792130
2284826776
1652917123
2246010710
2279019181
1622457253
2244433583
2319633500
1838164867
2302088248
2246248808
2301597757
2294268915
2321900832
2277433146
1628067510
2243503820
2271776764
1783464533
1616911484
1644905334
2298384654
1798220739
1645567702
2237480752
2305003695
2255497174
2262725257
2239388681
1625635232
1616708697
2237226677
2265858577
2319766088
1703572797
2013406500
2319410576
2325993484
2284583863
2299149678
1817100731
2310367056
1621903330
1700957226
2281121909
2283174546
1614843953
2239840321
2321818158
1793333316
2288061486
1600102210
1883835153
2296866839
1676477015
2312240109
2325325502
1601561114
1617617795
2272615583
1653648373
2295899546
1692514269
1793709658
1647342590
2319537100
2264853575
1629693066
1684633387
2325241832
2242072055
1611881167
2317456278
2238501316
1762984003
2237367706
1800524079
1621218776
1802720912
2241002075
2314848686
2239106185
1753310560
2240752024
2239988570
2322100756
2237619876
1646772753
2266020061
2281938656
2278623044
2251234823
1798282480
1985254552
1616258563
1703525252
1625555591
2305086709
2296722375
2280927879
1600643062
1753001508
1700780781
1783367738
2278483971
2275544335
2327010344
2259265028
1625309091
1600779607
1621805478
2263047449
1622513466
1608218786
2008527547
1811366762
2318828727
1855929542
1625098279
2262030373
2251703380
2320765823
1622096670
2243631326
2290551905
1812375196
1985185403
2279361843
2291741279
2237541876
2273438516
2303063262
1632858472
2284435545
1814819458
2300343749
2327071835
2236631148
1663859812
1753688156
1782774368
2263130907
1655968163
2287603287
1797164728
2277617470
1883761683
2303247405
2031231455
2246742508
1753783947
1794273959
2256959964
2251628596
1799917510
2249032530
2236877187
1653417298
2291359460
1690361180
1612520450
1619814427
2312494174
1639574584
1618901087
2241671449
2313886457
2305932235
2011980677
2239284369
2241221399
2269487311
2266223801
1628214138
2240647742
1797001695
1622376044
2278781931
1985126069
2323130952
1610975772
1661151280
2262158878
1793592004
2261879062
2281051587
2315036320
1690160015
2318764289
2247776165
1632791598
2251376966
2309197538
2287112751
2246501599
2281332497
1660900192
1796379699
2248751262
1616442318
1758968445
1630817619
2253061059
2294381438
2309823614
1625406995
2258265946
2265947980
2299041449
2260535032
1804063564
2267388903
1621351576
2238357936
1617409268
2281397785
1601658275
1608367030
2243957775
2242180671
2309721617
2273380585
2307626795
2254045476
2277560154
2243750620
1655397907
2302028699
2027850673
2310288146
2270364921
2270738279
1760450106
2289775314
1633320761
2305739797
2287298004
1760543442
1619200818
2277653627
2262934314
1687467496
1679807945
1762807072
2287233076
1752797497
1679482958
2275833981
1755795879
2309916547
1609428063
1674069409
2293269341
1600523107
1800568329
1673855316
1617009231
1703677602
1860734910
1753976396
2285116199
2253289494
1985300683
2251533540
2270544104
2298860166
2293357062
2241915374
1886547204
2295453662
1617481168
2013306656
2239943916
1701464492
2303645251
1599150128
2302915365
2247670625
1703620022
2305846379
2263190273
2303842064
1673957169
1647150119
2246641568
1620005153
2255199905
2290685642
2294449908
2243265521
1796279458
2241992764
2308177535
2268920075
1619901416
1707336424
2261949064
1617552348
2304691650
1700895199
2295610618
2279197815
2269602833
2239896489
2296590394
2267603171
1800623533
2282126394
2299266694
1664080908
1761741881
2263248803
2256350660
1616346723
2284666124
1808221634
2301454028
2259136545
1752886178
2277713920
1701596802
2320579403
2265807494
1600021458
2254279640
2243865576
1794138405
2281251760
1681879663
2303416109
2319688967
1787348730
2244197261
1805261381
2323226202
1630879648
2267501926
2289288782
2243377408
2264984585
1774667127
1784770881
2302867060
2248943600
2289325181
2284743176
2239509456
1619326081
2273362611
1653039360
1797067179
1632208303
2260770577
2322176315
1782699998
1687538096
1601228259
2301897307
2319285504
2279129470
1796151607
1620108314
2246120985
2266319111
2295528756
2260645531
1603996679
2251441955
2239211333
2308036841
2263983786
1627588765
2262811322
2241512726
2303764957
1632970312
2243128555
2283031478
1625177518
2256162844
2275317851
1788449987
2298281358
1793478062
1687618869
2311377013
2307964838
2311464671
2251801495
1791408203
2244268331
1849816337
2278715193
2266081689
2241393669
1647868420
2249086425
1855752813
2284362022
