1559374797
2170626563
2288016344
2264956732
1709294251
2129691087
2202690408
2115729613
2162646037
1288441628
1404795040
1293253033
1525652464
1893946095
2110912129
2323371240
1362776915
1379999146
1293771175
2120038806
1886918359
2092226507
2116059467
1324311704
1599883511
1752982672
2044040660
2140037475
2104472604
1379931493
2170480785
1505883198
1359098831
2160067592
1886791618
1937276951
1455196937
2259861570
1291675508
1468010830
1365243262
1457780255
2104285856
1281405595
2132211028
1441687387
2125439829
1621878184
1556145503
1441508176
2214743621
1723186880
2314632715
1503133258
2138186322
2228790303
2043864871
2167307288
2115323145
1286113563
1505977162
1293870573
1531769231
1472897679
1725943522
2165028628
1884531551
2141835453
1893751053
2118278840
2161909437
1603562801
2202496497
1417925466
1281529519
2165172421
2133101630
2160729136
2051690506
2129591238
1457674390
2102021717
2035959216
2190053570
2092046518
2323668535
1509844873
1352079086
2167885397
1260992450
1525894166
1681737650
2096032329
1290927135
2269885643
1635448392
2132087931
2169964003
2164619613
1367621775
2044169587
2108559816
1386074120
2131678180
2041174401
1475496249
2125300283
1720360069
2091840534
2137987127
1681501242
1854131583
1894080444
1307124610
1742543189
2124920809
1606215964
1618637713
1311559881
1479901901
1484823686
1886708225
1474791968
2185613998
1475290746
1270718166
1359259579
1377124221
1591932697
1478069219
2101893405
1365293724
2164903882
1635342103
1609125918
2139910422
1448827466
1897306908
2054242378
1283392400
1355730808
1311757042
2137425778
2137751456
1849434804
1440919255
1902220798
1497865714
1621677031
2319251835
2139645371
2099828992
1556069631
2228944740
1525762646
1474646572
2131914364
1362931330
1870588973
2104574766
2126786121
1404896123
2126871815
2202381365
2160013053
2110727568
1895394328
1579358982
2009084018
1747418155
1376976494
2158377781
2112885461
1720445837
1898058360
1531985911
1752768037
1541487558
1886581013
2092329746
1541575805
1640062611
1289540650
1370332394
1485034489
2112790772
1344735447
2202812628
2108785679
1343275912
1367691355
1526006802
2321715419
2115471966
1342043224
1735154351
2113216433
2260052977
2162351989
1747599816
1293202711
2169787422
1464893409
2264836533
2137517003
1478340789
1430437550
1404668112
2162535000
1503262027
1581312667
1558803259
2141986110
2096244091
2209068551
1285950381
2116210368
1283259421
1505501743
1881839805
1293100311
2137635182
2169880452
1403759670
2287930707
1376867791
2033505160
1469782890
1269661448
2006038670
1286621589
2168005076
1640186790
1735371601
1752878668
1556269240
2321318785
2033614257
1865839325
1402205638
1449953567
1841314411
1459244003
1480935162
1498016214
1884727333
2214452562
2036129580
2118595622
2126943077
2321449382
1498156015
1385965725
1394189713
2126707637
1523097778
2187458613
1411554082
1308880726
1324164832
1728691637
1460325055
2120900636
2063819890
2162048711
1344864857
2101652311
1640298775
1887016981
2228609004
1726014234
1561011290
1747475472
1726165242
2139529002
1485593585
2049803256
2054421508
1469688813
2323560210
1420116421
1528121257
1402396870
2214633253
1472240077
1359362892
1272751535
1681618934
1505799629
2161851846
1884159868
1884299110
1503028953
1901932330
2129799813
2063684429
2314307741
2202183759
2137863966
2209963987
1311280824
2141299856
2259948741
2170388473
1902399009
2120537934
1267563020
1333670136
1600856903
2132866827
2129238419
2044330526
2140059478
1828631286
1260810172
1485482302
1460601622
1324405063
1723520966
2100895859
2108399949
1481053931
2161976663
2137245980
1618540717
2046703132
1267211516
1712036305
2162287749
2185299505
2139745449
1472703592
2158663095
2129066958
1498360899
1505662690
1306961346
1600384450
1416679802
1456277951
2209006890
1343122991
2162144314
1283078217
1531221299
2130110561
1477933421
1853948954
2141735949
1523164780
2314453618
2185472681
1286451050
2167467491
2131568936
2139126849
2139453222
1342973247
1474948287
1549436443
1456355346
1459138926
2159882481
1367757627
2137332348
2051544768
1470093100
1559463389
1712093144
1559552172
2051473416
1459026896
1609277497
1884405147
2159802775
2120637370
1747713133
2036299824
2209831795
1402494931
2004222378
1742470787
1480503472
2115583504
2101116574
1266776052
2205177894
2113354609
2008954066
1896623291
1823968015
1343419539
1709236229
2214345799
1450076508
2044455684
2132631654
2133001989
1618331136
2102183966
2158747410
2132356097
2158162549
2319403006
2101804655
2167568860
1854338189
2008828100
1558701741
2187632571
1355888114
1854435844
2127428744
1441820144
2160559826
1446353702
1402267997
2214188979
2323800344
2167789081
2038895107
2120780697
1709391838
1618411533
1355582898
1497722474
2104390591
2204863276
1291517847
1269726670
2158289837
1450194805
2110037853
2131811059
1267347043
2160652231
1601188569
1341958908
1606522859
2228131685
1272622307
2063542596
1267115332
1353253756
2314725557
1478219469
2046827845
1417850539
1480724489
1602645812
2129965750
2109957387
1394094307
1449524266
2170242339
2138098379
1289660444
2269738295
1841410286
2094490881
1723259407
1353408294
2132748974
2128997471
2228028378
1618491271
1420230717
1430316551
2115187079
1333728673
1621584869
1541384425
2043683101
1467387274
1600973994
1457854378
2160456656
2158497811
1472556766
2113079712
1286251325
2099689031
2321548308
1556351804
2115948375
2323439919
2264712980
1451286204
1893865685
2118695731
2141434660
2129160489
2096126414
1460479963
1272926238
1480622986
1606376665
2043754778
1593525163
2168167710
