2274562692
2168603285
2206676016
2215579987
2290772549
2210331003
2240877012
2256312757
2318569315
2270569417
2210091726
2212195614
2232968468
2297723986
2243644274
2215309299
2211572816
2058658141
2294810575
2156425664
2313570175
2303871697
2200469173
2303973036
2243587340
2293821763
2095523233
2157648510
2241672846
2313008054
2059031839
2175182453
2059717322
2071876640
2098770449
2218842827
2272041294
2308143828
2170627098
2239234900
2228946266
2240685587
2274462640
2209966823
2180465270
2159748979
2158801298
2219610552
2288092712
2271976364
2252845006
2168447435
2214526345
2188182085
2265179580
2310288146
2211666068
2220344551
2222476199
2064545433
2229204593
2210611287
2279844574
2067125721
2212729757
2236811032
2274283807
2209791467
2071953044
2059361880
2239322695
2066762351
2222960820
2228763589
2243811464
2186888825
2163569229
2290392122
2165951435
2246450394
2071669169
2276722562
2170838823
2244082472
2058820429
2237173918
2219366395
2267244025
2222244729
2250086044
2234202188
2200142611
2167455254
2318412387
2237335423
2196819418
2059277493
2245897537
2061751791
2250927507
2162947656
2269246440
2180199239
2247312450
2175415774
2268029476
2240969282
2157583970
2162843866
2223318430
2159660479
2208172070
2234081603
2270505127
2256544208
2234795126
2206606308
2178251436
2290848702
2098627722
2061834548
2241795402
2266485019
2210503569
2064824644
2182704919
2317614229
2210400011
2229073740
2197507834
2243077285
2256252393
2294363781
2290490205
2199464243
2280950881
2313323960
2098939151
2204542106
2309872702
2267118697
2183215546
2209161473
2301075574
2270685644
2297871101
2059150288
2267380891
2319740120
2271524739
2214821401
2319988130
2310367056
2324130368
2175301018
2242772056
2190060371
2264669999
2199304784
2242954776
2185399109
2182933084
2271610926
2223142170
2214677675
2099203538
2279928208
2066875275
2210246342
2243325989
2317172990
2219233314
2155389023
2264954692
2223205396
2242675000
2163154616
2185702537
2157716956
2222593107
2215668848
2294672223
2296350376
2163496540
2318658790
2256127271
2159116814
2178171419
2058391354
2281243005
2101052003
2064900740
2219959279
2185834549
2215067857
2251409535
2170346924
2204834715
2197365614
2239127702
2260860499
2175069287
2270781181
2061969054
2276620787
2209337531
2197746404
2288429603
2233612661
2304057885
2212545989
2288523581
2207859988
2280037816
2206844103
2254376930
2215610316
2264818706
2253769300
2187995835
2266555634
2216662788
2246058809
2232867344
2211414010
2222687801
2209504341
2238287310
2196301912
2246233612
2238199701
2267777126
2254426279
2281475791
2270638724
2182865029
2219490414
2295951683
2091509687
2220251756
2064123675
2207697518
2212999530
2171076742
2219809177
2238904753
2179931625
2233102249
2237400397
2095690272
2063981372
2258433099
2177998013
2166056895
2258648786
2295628848
2317543417
2220807807
2222745739
2317694150
2313218946
2256390800
2251054979
2223040378
2058315970
2276863185
2232589925
2159794609
2102109272
2295512093
2265508384
2307725235
2294495620
2180299941
2209246122
2241404304
2102235159
2206769609
2294089238
2081166674
2202598936
2234294981
2196669792
2260680291
2254305195
2308390900
2258903907
2220100456
2280113450
2276512757
2254477473
2238996206
2254144011
2204674627
2207978382
2246546195
2269349118
2288616552
2209601198
2168713470
2303115164
2071802509
2308012342
2247377932
2159055788
2207433934
2195330434
2180089377
2170766993
2303005608
2246170401
2252997853
2211493144
2310194851
2222861737
2221769811
2212088082
2313039807
2238505169
2090237614
2243957775
2213088547
2210755785
2214903679
2228620280
2319654153
2290710799
2254045476
2207558838
2208306767
2296836977
2281343631
2234541752
2238723674
2223234298
2180391872
2258544564
2156673061
2156771677
2236921845
2212785440
2267920616
2157514205
2222132270
2211958036
2241056195
2232669687
2099341549
2199650755
2212895025
2265319248
2241272238
2058549105
2242868391
2276925308
2218607504
2233853411
2200617240
2210696688
2318500934
2207145733
2318828727
2197700330
2251533540
2174611145
2211752880
2163042524
2206966134
2241915374
2319838326
2317807084
2100794646
2170991607
2215503951
2095599123
2236709119
2218741597
2058938803
2209721398
2295830024
2243457277
2241179475
2062097565
2221961272
2234441396
2258351920
2220724662
2247555952
2233303566
2233738508
2294001523
2064413568
2270340601
2081107484
2207063367
2156551985
2220623347
2234666668
2233208472
2295428070
2260357962
2187891584
2295674494
2237055168
2158969703
2294897895
2251323459
2197624744
2058230010
2313452603
2200306908
2098473860
2064226863
2269079369
2105615928
2277038513
2313077950
2288257096
2281081356
2260466908
2308324329
2260565566
2232755471
2324237813
2195277492
2157444936
2164299977
2188091428
2204448377
2211859303
2308241589
2251186336
2256468220
2101979445
2319909632
2197183272
2274810746
2307843025
2270407695
2244197261
2324312078
2243157990
2100924319
2212625202
2202424194
2222362078
2163284898
2161850757
2294243140
2313169017
2179812357
2304190780
2317340661
2253949431
2220516825
2221812605
2062182583
2238135911
2080344970
2059468738
2204330066
2099104386
2219109070
2170473735
2218674146
2215431777
2267503207
2247683133
2241512726
2158904161
2105701998
2290302853
2220437932
2233419777
2178073325
2219014522
2223282096
2213034841
2212307706
2296108979
2215214436
2212953285
2271785681
2295751280
2061515403
2067022963
2274678869
2222043131
2271700098
2207260065
2244268331
2240780177
2058467017
2158723411
2183039420
2163368891
2215139722
2163635066
2223106393
2059602230
