2207657129
2262476565
2187821406
1896137721
2253710790
2209787079
2078884874
2149318309
2115081570
2173438993
1932509389
2174653362
2207217115
2114761157
2210732271
2262323318
1766465954
2195725722
1922728154
2256034990
2298369839
1807808149
2193764098
2098192089
2248910246
1816464309
2222942921
2229524405
1824480661
2114870375
2180692355
2270658704
2185686273
2194281626
2293407225
2207335612
2294526825
2225704503
1804943678
2246252830
2292129576
2217548133
2149213953
2248771555
2207882133
2175700908
1766954855
2148780183
2213844813
2197727380
2175776696
2254156298
2076817712
2229132205
2190354099
1940967824
1766201064
2257911653
2301354840
1774272555
2217029833
2192415942
2287159529
2014509806
2019866023
2194882129
2249279125
2160556377
2296038882
2190198779
2303561372
2196425597
2019546950
2301447855
1812197925
2248660603
2187924846
2250905898
2244082472
1868705487
2086581627
1801226583
2190117343
2256312880
2251321753
2210181331
2272351287
2184872093
2173359232
2196829503
1766062850
1815862861
1874054970
1811211120
2263183238
1898375516
1898562890
2226104187
1916089618
2160921533
2312088363
1857380042
2192749643
2183503141
2246140185
2139800902
2244158660
2178115973
1896367689
1780622376
1766647452
1848911677
2062135620
1859911940
2000787062
2251230489
2231482373
2253553646
1841538943
2314351518
2064378822
2302699233
2004919627
2229366468
2180186952
2313428466
1803832946
2194525597
2004801762
2251071770
2209919064
2185182083
2308072220
1780870734
2229486366
2191713574
1767057281
2243545353
2222784006
1780943190
2270519242
2079018468
2057057306
2314507505
2192275886
2194962468
2078450544
2009274469
2076788473
2078707363
2214874890
2076689525
1781033270
2175881605
2193642950
2079057347
2065785011
2299149678
1818655172
2008993580
2188139236
2185470700
2114964210
1873808203
2283536342
1807373368
2180045018
2064214745
2267691841
2241629747
2226462531
2104211280
2303746779
2243945220
2195854822
2000970933
2289755227
2191920989
2256205692
2216837780
2231211791
2313499616
2180614623
1814868320
1781147474
2041945258
2314708492
2194795067
2190277982
2280901113
1805100714
2205067842
2309809656
1764573547
2125725507
2063230618
1849010436
2283903563
1811158141
2049372285
2125636418
1811613409
2187677716
2241780176
2061914924
2125521909
2309935890
2178219408
1781252367
2077015411
1766269055
2118301197
1780702507
2313833928
2214603229
1763713639
2207579234
2177938116
2303933795
1780407618
2185582985
1941164485
2260552263
2290415986
1801337063
2261147336
2225975333
2317197724
1809393036
2255730287
1824608276
2205356280
1809863046
2019774231
1774629466
2225431160
2180747322
2185056022
2254046350
1801061979
2118609115
2183332304
2056857882
2101031871
1896483567
1898227847
2008145090
2155870792
2263130907
2041293074
2183423550
2178292619
1767148628
1873963359
1826035245
2241062696
2196686628
2175562525
2034243345
1941224549
2008279505
2196544644
2110550709
2256492379
2210074482
2056980061
2189402446
2210572636
2034324626
1801391343
2008190107
2267806730
2297663908
2290267895
1841454891
2140092656
2272478823
2231323281
2118757696
2234309487
2285391205
2225394864
1848825948
2253959535
2281915493
2256408134
1887818841
1932676086
1866736015
2248570110
2012281490
2286141071
1815760562
2217740207
2281972445
2185324419
2005010573
1766786137
2214217814
2287112751
2260839989
2005168978
2225635382
1851268968
2061829342
2184731584
2241208559
1941449058
1932599683
2307711021
1767320255
2113274925
2000849982
2189336422
2313345994
2214488238
2194412838
2301791915
2299041449
2160342407
1818911647
2217190733
2258099149
2174552631
1863063105
2118527268
2262869906
1771818933
1781386812
1804814646
2012203639
2249228302
2226045676
2041428006
1764759479
1846180895
2205429175
2294597492
1932452693
2148881897
2042062965
2307958107
1808480842
2258015043
2255927186
2063127329
2086626911
2023961272
2062197949
2229568177
2282041042
1765005299
2183000152
1763985655
2267554536
1774449356
2077202194
2031535193
2204792729
2076877219
2323911512
2285640069
2183242395
1767231672
2168058141
2209358216
2185909657
1896645761
1811340940
2222630384
2301660432
2295776321
2213946570
2204886752
1896543612
1785686632
2076732924
2262576150
2225360455
2306656648
1873656248
2188232867
2188016397
1814762407
2303830693
2313662124
1805228822
1771686721
1764641773
2214071391
1941006836
2286000499
2118091141
1773867204
2009148333
1841630069
2246367197
2253837272
1860040553
1763896954
2017532696
1764834790
2000903266
1873897438
2217358536
2183571478
2026263428
2078623258
2183115486
2304726132
2197562568
1766376021
2307811051
2214344196
2321884412
2261091404
2234492369
2313556207
2287324438
2118692227
2078979722
2243833396
1898127904
1764919221
2285512825
1851327047
1901044844
2317299566
1773807658
2298891464
2246036810
1941614055
2280765515
2078535711
2194642525
2062030505
2037073454
2313875671
2190035039
2035393125
2222874752
2286435418
2298747356
2197460311
1941297015
2192098728
2185789553
2270390627
2230593211
2005099647
1941089417
2312248252
2283819237
2078757086
2195793086
2255840650
2260750920
1932775546
1898488164
2285855458
1873747434
2014688183
2260645531
2063302423
1818744732
1846640931
2118450615
2017676007
2017616972
2195029820
2214767676
2197651828
1765913073
2012086799
1771572104
2160444581
2283647616
1916216000
1781483966
1780767356
2229277309
1764319853
2178011762
1773708163
2294366830
2196954320
2098302320
2287076499
2321758336
2246484622
2101280597
2064069316
2118202728
1771176787
2191812327
1763817999
2204430453
2320486701
2195925443
2207423279
