1319617316
1731573269
1723933205
2048340677
1995483951
2072822847
1807921209
1759344083
1950337575
2153205225
1662239339
1694985824
1420420001
1661963508
2054403116
1307342693
1457008950
1409969936
1457331986
2153731045
1314859981
1680669710
2054663652
1359385970
1947449986
1927495694
1312757617
1680278858
1432404952
1456417598
1361073018
1765820115
1879851310
1319805802
2049850554
1657849839
1801718229
1364012045
1490391149
1456725068
1975248988
2152120967
1961160261
2073303124
2053836630
1582449748
1787799083
1961263983
2096391251
2073073536
2151818111
2096541820
1319948445
2096683103
1342196333
1972813883
1462888903
1957215600
1960995318
1327420646
1973209173
1305367408
1309459779
1918768291
1655311416
1416157055
1659479335
1973076997
1311186662
1952494424
1416291659
2046879054
1807267393
1680535584
1342041830
1922507895
1311913353
1403404080
1971999187
1413512975
1481140135
1459308646
1526813223
1678112213
1483404004
2154038095
1791809285
2098853073
1967986412
1731332729
1350822397
1678259435
2049702135
1423018041
1801059544
1400675777
1943483802
1614253542
2079775414
1715116497
1295707648
1294120267
1443486642
1979136494
1457112692
2030635384
2054868048
2108823691
1777200146
1483205282
1970961797
1715273428
1790631228
1311736743
1377237413
2074190549
2048594114
1463097518
1996774653
1289036670
1454467186
1342550468
1793262024
1943630946
2079583516
1723269263
1790764099
1918646211
1808794636
1918515410
1481276953
1967865808
2106403072
1338206034
1970893993
1307239954
1959648877
1409173871
1338268017
1528899582
2101292480
1368192317
1412302069
2049422895
1972996226
2154300483
1478160595
1324394735
1519420166
1759846430
2079645584
2002525650
1973158385
2106735180
1981879808
2152334179
2046741531
1337728636
1362974743
1312206990
1360907946
1447167854
1516900786
1731448264
1943839958
1542277960
1394953795
2153628832
1793780963
1459922242
2023132179
1952866204
1305214921
2069083706
1665529558
1334316984
1447026255
1793129430
1338092103
1880094926
2191964757
1924870751
1662347305
2046515609
1400402211
2049487193
2000503831
2074930990
1921207795
1723058016
1997093492
2068931384
1966276246
1759210316
1311314312
1800336398
1411240535
2038076689
1436889432
1880243861
1366368482
1941389193
2078278156
1363062821
1787958213
1316144400
1665367956
1454906021
1742205254
1952398421
1454348971
2048762427
1519151242
1368469208
1878007572
1454615578
2053536068
1343131934
1402761424
2072741060
1927611885
1306662744
1879487459
1526500879
1771904871
1995263773
1826206815
1337342115
1423161373
1771703099
1337798086
1922398692
2054512849
1925005663
1337627422
1675327384
1364236738
1660120988
1355006743
2037725122
1377071321
2054277920
1460120988
1463286848
1478356952
1808329861
2069262778
1715007839
1921085307
1309907193
1327664592
1614574063
1947255714
1801781263
1765915181
1309648521
1322122339
1311085059
1794788256
1795156369
1657658007
1883716140
1334671462
1364120324
1334601193
1995398587
2153116448
2151700319
2181266851
1329792497
1659193933
2072976931
1758711106
1363644351
1943732365
1680405570
1483548752
1968855824
1996872505
2049243177
2073561596
1490707822
1826048760
1686388452
2035325075
2080164920
1972896130
2098465196
1288886843
1659063351
2078424502
1325435281
1723802283
1959563914
1361527717
1815652908
2152431348
1675462780
1659333181
1953004754
1314134906
1312703828
2023043110
1311448927
1312602333
2099741775
1968943875
1395010228
1436724493
1959497557
2030470681
1811522561
1888926472
2037961363
1315786402
1312486738
1795449521
2086985672
1678449693
1574882600
1542444778
2192083151
1661853384
1659944289
1714540352
1880515208
1306792057
2094525505
2080296618
1913178424
1759673028
1327554134
1311565264
2037803662
1316694244
1350702495
1947348586
1796899515
1312551123
1411176975
1913106030
2108612171
1779518286
1852056135
1364454155
1338037080
1412168403
1519304877
1807700848
2087906309
1997380821
1950236230
1490523338
1723125429
1661740625
1540044595
2048965076
2074002682
2073798270
1879943122
1965986568
1432144798
1423311667
1826105534
1436586489
1413611658
2151546443
2152198643
1345764378
1334457905
1526661315
2154196266
1801578478
2053618905
1343251874
1316482246
1758649806
1312861996
2151928367
1941495933
1338320024
1714679178
1400507413
1307512144
1813077602
1950072786
2165568423
1342977588
1309783636
1877695170
1777432592
2073450616
2153253381
1979216847
2153153914
2154408955
1997513559
2053743402
1979309728
1410277086
1723183088
1321943858
1305117116
1521583625
1801941773
1851888045
1368301377
1312824127
1966116376
1971907547
1969068678
1783341879
1337488049
1437030411
1879435866
1360483218
2096266553
2031217920
1992303814
2030146255
1314419719
1414582597
2031081703
1312406227
1539892414
1313997956
1920798072
1601186447
1978954842
1725626764
1972506782
1443896059
1359495101
1454973157
1338149113
1884574368
1702687947
2080439020
2108990307
1630308203
1967754140
1348387593
1316035957
1777316393
1289289538
1787404149
1314724679
2153073053
1965783793
2165681805
1996697960
1528723376
1454730558
2074083739
1826310291
1972064952
1446884965
1443378879
1378263227
2106644234
2023954997
1432246312
1314607298
1794859374
1811590825
1316908520
1965621307
1978749948
2069365014
1364314806
1614449852
1416420263
1959432556
1816720847
1342109154
1677992858
1927673482
1995545869
1759528090
1981718468
1361409590
1361765672
1807483282
1714433991
1630182044
1396951615
1787285920
1413434877
2046617310
1477978213
2153924605
2030373708
1324259837
1400598387
1312039040
1529063499
2079495688
1795000913
1953266247
2072920486
