2004529323
1971016628
2011795806
2137600469
2056054235
2137835195
2002678510
2293564199
2001603855
2267534855
1975109966
1935220119
2152442396
1995560820
2240630129
1954501971
2211453663
2267671952
1928374518
2238186853
2137273793
1943982244
2072761368
2137345187
1943907135
1956623092
2271703790
2014905672
1964874657
2239816355
2013330779
2168484602
1993657541
2071965185
1975189143
2318760767
2017271812
2211309825
2172179918
2151658742
2311152191
2210393566
2323027043
2189336274
2217447564
2271885800
2247460331
2210138438
1929092631
1997094723
2009073797
2318858901
2267154937
2321076662
2206563573
2213936745
2240853465
1937856187
1944763065
2260590219
2137077015
2070572696
2189223238
2211597919
2269303898
2146240764
1996729018
2295625984
2071805191
2267442370
1954720598
2225926828
2056620661
1959097798
2209133795
2272156971
2187220112
2289238852
1937999217
2189120538
1960903503
2228073594
2056781376
2160758073
2293881457
1937598805
2011914615
1930791799
1928835551
2244171547
2161059647
1944975876
1952467797
2011590683
2168321342
2324935088
2295764761
2014831748
1928527523
2014356419
1994923335
2295864021
2323139987
2189053487
1970513280
2085520028
2011462922
1995710576
2320677880
2013901475
1957325190
2251382087
1937203201
2267038931
2264092643
2013130158
2204003865
2211654342
2170251884
2295562275
2257397762
2230494177
1964974578
2057899592
2323642766
2257218270
2071880513
2004616621
2017408684
2322822949
2217591775
2172111266
1956719509
2014632601
1960439832
2002881704
2289161197
2206766135
2259258639
2325071390
2268816903
1921233972
1928674935
1925332343
2293506227
2241689004
2013795494
2289192965
2241226409
1936966875
1943842335
2187145183
2118277769
2230584048
1944676084
1927453389
2168674600
1937050200
2235870285
2010682003
2323529730
2224038550
1928928289
1966520237
1993366448
1970337467
2228134488
2017141997
2264930310
2318526496
2247380221
2289285192
2206461917
2011117568
1995828646
2023621252
2295497498
2210012569
1920951732
2068855183
1928763305
2187401225
2259431441
2325389018
2228235023
2321183002
1944922309
2144386680
2010761126
1994184512
2144092781
1943691174
2002461867
2116139245
2189558009
2291719602
2241467138
2009234305
2226420582
2002562336
2293616653
2016108989
2056331332
2320729752
2051042066
2257081962
2243842882
2149520474
1994818228
2002329754
2271984686
2287399517
2051853781
2259886866
2004723064
2146571492
2318473957
1944712469
2267271133
2325312059
1974218053
2295713584
1966056396
1996990423
2156854798
1935821348
2318931417
2209016067
2259140808
2004347516
1958755389
1994107451
1956156423
2322969257
2244081541
1937399968
2014994060
2323405605
2240775549
1938095894
2002207516
2143694254
2052248559
2002820836
2170182585
1972799816
2311361968
2243960907
2261689814
1952928988
1958979728
2287554573
1936764472
2204080055
2287472997
2137703188
1931168851
1938151814
2014739860
2243145050
1935450742
1952323118
1943769782
2012217710
1931313286
1994496189
1966621960
2072061106
2250187964
2272097284
2295446432
2017497376
2186988161
2016011824
2327040144
2104103571
1935734003
2051993191
2085428494
1993457288
2011339645
2011196441
2259360460
2323300701
2244244745
2257162173
2014174710
2015912493
2217333433
2056462167
2144509167
1937662636
2118142284
2170358696
2241596924
2311212431
2327223560
2211390298
1994592882
1994255225
2013458384
1965073681
2259305570
2259211386
1925044825
2257123205
1974785306
1974531146
2085112322
1924950973
1935522470
1970741181
2251266807
2002101294
2084825619
1954622506
2293464111
1995193862
2226251104
2014095944
2011019606
1935645179
2004431854
2116036726
2187313779
2325242230
1927259862
2325010231
1995783854
2137169331
2004230778
2012029516
2093507988
2012110389
2160849011
2146165359
2311279060
2224172475
2004919113
2149909134
2320898685
1997358038
2055650759
2318576598
2001662584
2291909189
2070636152
2137480823
2259470608
2266576379
1937932257
2052145684
2287325952
2222088334
2293695560
2013643250
1928457955
1958854047
2001866830
1997247892
2023725874
2327168366
1956283987
2273761859
1952616729
1936867071
2004046541
2228736835
2257332634
2085020391
2050833547
1924695237
2323210597
1995655497
1956819328
2129901864
2264637921
1993421601
1993610966
2004820170
2264163534
2277989370
2320988811
2291660715
2208960180
1920082976
1956214199
1952793131
2311483694
2014509139
2253669154
2010838477
1927367845
2168589402
2160963030
2240720675
1994709229
2005017547
2254106841
1996867650
1930660849
1937300208
1937485770
2016252406
2116259945
2001943385
1925230519
2311595296
2266485863
2326931830
2168771674
2002017834
2320809510
2264514081
1993559986
2211521918
2293806482
2206373430
2119545649
2129754108
2264314698
1931241495
2259185009
2228335667
2275779390
2325171254
2210288341
2108774260
1993508290
2241370395
2264763124
2326988190
2322912080
1959221079
2240583632
2051742526
2129642415
2238282052
1921097902
1995078556
2293425166
1994358024
2211234616
2253506811
2170073372
2151821594
1966271803
1937760197
2271789789
2311407239
2265037951
2241122066
1938290424
2008841561
1931077992
2055698077
1974307951
1995407754
2187076595
1974404795
2008935576
1930739720
1995485691
1935315235
1927564301
2004113531
2055957574
1960763911
1930983600
2085236974
1966402057
2327114717
2273812773
2131996827
1938223320
2008683835
2318685977
1928995327
1995306089
2255183194
2264245007
1944828289
2287616638
2070713342
2209075387
1974080833
2267767732
2264387772
2240980848
2261794418
1925139744
2273877150
2084682765
1970631418
2156314561
2278072658
2206396868
2001730321
2206494037
1930900830
