2201408595
2230564158
2214452826
2209875653
2149918478
2240054631
2171902013
2321171741
2217438818
2214603410
2248262970
2150207543
2227452786
2220107621
2263876708
2207990919
2174272815
2229090555
2274126277
2270275338
2207105797
2251232986
2171777317
2325422103
2155990655
2296271685
2164111489
2226189460
2252277352
2151704077
2261824100
2203789680
2231705872
2319022812
2229141804
2290182812
2265726430
2176781543
2157277854
2162690503
2296146976
2213279453
2204259937
2263751734
2246159461
2283393714
2233324470
2234902425
2228902386
2265841109
2153629967
2159154654
2200773705
2178452228
2206802212
2316674105
2255253527
2323928419
2240113694
2319525590
2173636484
2225422532
2290049374
2266170856
2270695232
2207205332
2163977778
2214221729
2162818693
2264117027
2225340775
2176727729
2243905939
2254966246
2264261844
2174325773
2266769369
2274360012
2294613379
2176132936
2219458852
2201514353
2266036820
2230975875
2211236015
2283297481
2289461272
2263499624
2266301986
2254084039
2212011281
2171472903
2150960998
2296405912
2145876632
2225803426
2145779160
2263446286
2161727239
2203744092
2212282826
2225383012
2177123806
2204373435
2212095551
2235921209
2151241820
2301233953
2174584340
2168821925
2216920688
2238910454
2176210284
2259200345
2256958722
2209952086
2164302191
2211051680
2202771427
2228489981
2148069354
2274586331
2298646407
2314607007
2230826400
2229007522
2260884455
2276483087
2239920903
2263539596
2314796611
2176861497
2257529848
2161803638
2171995861
2204609343
2155125931
2274766229
2246818030
2201962048
2261467562
2217175420
2249307702
2150276248
2263578635
2175890145
2228595019
2184050987
2231274927
2207016841
2294016797
2234643644
2251486190
2243803085
2323822059
2274215172
2246270116
2153465859
2291983401
2256915245
2291589738
2261321959
2143684523
2202455662
2161992462
2230403152
2246528245
2205092825
2219558525
2157140951
2245848351
2294909343
2264197401
2176664617
2231936384
2224449003
2218183116
2263698100
2266094846
2214036878
2202653862
2163712675
2235588649
2313997141
2317505805
2266943795
2233639909
2321070863
2253788037
2231393121
2271614433
2162099078
2319453341
2163913490
2289963535
2176577390
2317666898
2166692607
2254423423
2213382595
2317350464
2259026299
2257000716
2230153354
2204073464
2207319752
2173521497
2148458159
2267064619
2290309455
2266427266
2263942022
2166250086
2169169336
2264015203
2246728672
2257247749
2150141691
2309900252
2249431871
2225961204
2219134663
2208146697
2230280308
2270421178
2255025327
2209083226
2265897832
2242397944
2160884621
2261606015
2252124014
2265683411
2254789050
2174157187
2158951928
2224552002
2260955773
2206509593
2261667168
2270764563
2240004227
2162195468
2239237910
2161662850
2230033306
2178575665
2157208277
2157320474
2174701183
2321448930
2211392251
2259325766
2245954526
2261092065
2288417848
2204503519
2217281362
2263361324
2261745244
2269987265
2177039370
2254588144
2263814744
2206698819
2246064774
2294796639
2259241862
2236115660
2288296742
2259070413
2242244705
2218330540
2314212641
2176053258
2219278412
2319607836
2225721344
2148026765
2321602093
2163864647
2313700475
2266829201
2324089207
2254721864
2266544386
2272578065
2256851500
2158781859
2294726286
2272492400
2208057759
2152104199
2254278179
2325246374
2145975167
2150331559
2151093381
2207646706
2210330460
2220745222
2159625208
2228353746
2225280860
2321277367
2251615546
2239609604
2171949966
2162462938
2238174526
2249625201
2272713278
2291790998
2227547155
2217041572
2227738891
2259162878
2314108947
2148737837
2217829617
2271781216
2244290247
2143560706
2227587042
2200741598
2316484321
2264447464
2249355184
2218072981
2295697715
2294360899
2220845214
2261030981
2214782500
2159219864
2162296623
2315099398
2249727517
2161890004
2254827708
2252162581
2210073088
2297839792
2206919567
2151843689
2151380972
2263318205
2234425363
2244231043
2202247466
2319368474
2227679303
2252224474
2146279745
2254553453
2204162943
2208808010
2148199831
2259121338
2314923508
2161400552
2313861896
2261539728
2228778267
2212183835
2216472761
2157423829
2295828003
2241779759
2325695783
2289543787
2234199952
2214329355
2294253596
2227505955
2307828515
2311234813
2211921163
2211146058
2309764431
2286110805
2292260503
2310057544
2263629883
2173405736
2150026989
2301082696
2325545137
2261413212
2316591074
2163794212
2307675496
2169036876
2246606724
2311379893
2217700013
2294440234
2236006866
2289638604
2176951316
2159579024
2251390017
2230628305
2244169367
2208982261
2274691978
2211294373
2244020228
2257415548
2227365900
2298775600
2261362415
2162389144
2296017408
2293922265
2164237449
2221712117
2261888944
2314432180
2171725300
2310163183
2257319904
2153339962
2254008718
2300957413
2244407190
2149122989
2270615580
2294130884
2265771855
2235658125
2271716351
2207492170
2208248445
2294525564
2153740037
2292364940
2233490752
2288183372
2248379387
2226261434
2244478596
2307428457
2174419184
2216166775
2231103907
2221551517
2256888490
2261247833
2200844246
2251066930
2298140743
2317190904
2207892714
2264335491
2157372019
2218264911
2209719500
2274452549
2220318246
2226018585
2148863394
2214972419
2146567708
2158665915
2148327952
2307558626
2229944647
2292062182
2230725034
2174237436
2301595803
2253901375
2255146377
2221621029
2175563317
2246460677
2171844319
2254495830
2255100402
2294881913
2217593354
2254166365
2148606225
2166881237
2163784142
2320961531
2204817260
2171584687
2254684749
2143786368
2166652760
2274045942
2291651186
2227631259
2311298565
2201755187
2221325259
2151571398
2225453730
