2254286692
2254128428
2226467840
2162899998
2302059157
2162448411
2090171571
2097394428
2250310854
2299274439
2058655024
2170807280
2157918907
2148730455
2168162040
2088031588
2280400601
2270162410
2190228133
2226361339
2153983379
2270064375
2253400816
2226987435
2300146937
2187424491
2159013309
2170220190
2320207314
2299908501
2324813143
2087456220
2251371839
2274345301
2318784256
2156740258
2254191566
2168784141
2320697264
2162787064
2158006235
2315805065
2294342688
2153408142
2299947483
2094966488
2274534542
2102666072
2320014874
2170696079
2274790703
2095115906
2189442109
2155541444
2302411298
2162080155
2153284737
2094626468
2271979171
2162347653
2296921131
2248623214
2267232270
2295075229
2325807289
2294196420
2187879187
2296803203
2322633134
2167604060
2168435140
2090881472
2299465235
2266606566
2057001337
2158712578
2100278470
2267481601
2250628788
2326960503
2100335267
2059099912
2290505134
2173656626
2187131751
2097222392
2315638665
2170901498
2242185385
2304486609
2318297302
2297059370
2097562648
2165758171
2158439061
2165586018
2226865118
2154681811
2264888168
2099790439
2085385520
2246682626
2189989491
2296982196
2295178058
2315711099
2318589261
2304601136
2269173446
2100065726
2097707132
2264291386
2248226807
2156239887
2325399512
2281006214
2148840321
2285805679
2149136333
2226575907
2301969440
2274131237
2324850943
2293901276
2090540607
2187674528
2157835202
2090768972
2092892253
2158285046
2088614697
2269934576
2170370549
2325649021
2089522430
2269790963
2269655655
2087363237
2099552182
2090448508
2304705676
2302133379
2253827108
2099901122
2085086471
2320616800
2290416305
2160138683
2155602399
2100219518
2097860102
2272678173
2102865423
2097808200
2251048491
2169876835
2167860592
2274709321
2253928078
2294082813
2246476277
2318907758
2297363148
2272135008
2318538875
2189249729
2092333877
2097667887
2252794592
2318355593
2164903406
2292717434
2167742168
2059249103
2286276014
2092420882
2318662476
2092066741
2253516510
2094733153
2171033167
2302291881
2190106598
2278499900
2155669323
2280606776
2260687152
2296406168
2278256152
2320143840
2303300704
2097750483
2285926611
2293967891
2099190152
2250543513
2162237865
2324913460
2272785319
2163134362
2296234726
2251445298
2095249303
2265367833
2158896512
2092686505
2161995348
2190420892
2320114604
2318435845
2272611421
2148601726
2157770470
2153734029
2323947856
2162161760
2269281683
2085624760
2160836440
2171178001
2304836348
2255764724
2250885400
2154073828
2302182688
2254404074
2247582739
2171254483
2093054707
2326905895
2088573338
2315953951
2247624202
2154399760
2269581777
2246137690
2087550292
2057188293
2320393187
2248101514
2160309786
2095225382
2095035655
2164825204
2161023077
2089763836
2090322112
2324767491
2255553413
2187233379
2274039921
2274241803
2156451480
2189539042
2320478978
2058972672
2254556545
2156114805
2165896329
2315670292
2165505126
2297454384
2187553823
2058850353
2189810651
2265260582
2324047151
2099339495
2170136733
2278406571
2057099451
2253270257
2099085674
2190323021
2168326511
2247945415
2097616255
2226047018
2057417097
2255652408
2254011716
2099511713
2295142696
2158094269
2100600602
2246750721
2253700271
2322588336
2286203612
2089679395
2099999196
2252919215
2325935065
2158587231
2290244106
2273899555
2189898728
2320176780
2299348557
2266693411
2160514091
2087269887
2266797624
2322689064
2056926340
2273964918
2250181583
2168893150
2100141469
2088516767
2163212973
2302484212
2187292927
2294438129
2297182150
2299981652
2253120600
2160618974
2224330911
2158193028
2299716064
2158811647
2168962187
2296601666
2169958337
2315893105
2148418468
2304545209
2325312843
2153624066
2162590552
2089891009
2102738986
2058543140
2297305691
2248718724
2297262114
2148505962
2302450988
2094827486
2153476966
2255420044
2087905574
2165349909
2097039007
2323671299
2237529947
2059331113
2250745347
2167975987
2226226401
2272342467
2155783909
2149250233
2264516235
2090845762
2092956518
2226166345
2296716796
2092779897
2170587917
2088381485
2087789371
2168695761
2246248915
2097127855
2096798492
2264659741
2296497295
2091811925
2254352000
2255903027
2189676506
2169842516
2095177557
2254497949
2267635540
2285693083
2302329718
2153895825
2085516956
2099692647
2280525562
2155986938
2187782300
2299583267
2100393921
2090242833
2320535327
2320064885
2085208394
2251515752
2320240100
2155907091
2159996158
2160226096
2250418804
2170481027
2264762668
2097467319
2251601346
2160941275
2295103507
2187054832
2304654482
2160724757
2100435381
2299806341
2225974794
2320771734
2274623306
2160072779
2091951528
2247705144
2327005998
2160418446
2154610298
2248812519
2295032947
2167477589
2149014598
2092222651
2264414812
2292596610
2189311505
2153525705
2088155701
2297412768
2089270665
2090685346
2094914494
2090057379
2096926904
2297144545
2102912475
2154535920
2246018279
2153338802
2323837220
2187971186
2089417696
2278163283
2324172580
2161100004
2272055479
2149404359
2246401140
2302368989
2302252794
2269449448
2091656303
2154297558
2290338796
2304778979
2084960493
2084879011
2300029876
2097329868
2299879206
2267051474
2188067079
2156651909
2090823993
2085737303
2267777126
2251232358
2296288021
2057269424
2088320839
2265161173
2251683819
2318491207
2057472603
2168587262
2154192819
2088461048
2266914937
2280778786
2100530959
2092538015
2163018644
2294569415
2286055548
2156563032
2300073355
2165224032
2246568865
2090620185
2102800230
2092844542
2165059213
2318864877
2322527779
2256029946
2186983302
2170054123
2100476861
2253000626
2087206300
2292674916
