2257817973
2240042060
2281841238
2293070553
2237441756
2237725778
2225223185
2287064490
2242102751
2183307351
2178686589
2265089125
2267988867
2257740232
2264718472
2227699641
2213009653
2279428161
2255653402
2225001313
2204888361
2306368958
2265483106
2225068743
2319499160
2186341396
2291102476
2229963969
2250364165
2325422297
2304345821
2208042499
2278939200
2214238128
2231533762
2237699225
2212306721
2258760294
2247041204
2286725656
2207967516
2304315052
2249313580
2277148172
2231639252
2273239978
2183215062
2256027649
2320987083
2320185556
2218259528
2215549048
2295103573
2221020419
2247087411
2274946799
2205272624
2310577008
2226955613
2196184317
2248467174
2250509033
2319908409
2324398148
2178751971
2306316309
2297046464
2220687837
2237517152
2289126138
2229778349
2303785293
2225425967
2183099025
2272918624
2281706944
2302356931
2258642406
2274772065
2299781708
2295015795
2243485134
2220270835
2183792125
2284439246
2281752085
2190872378
2291293130
2186109029
2308572903
2232252377
2286952713
2223080454
2276815831
2310624206
2229230996
2180770414
2229822700
2202561785
2225500919
2244457603
2212970915
2297127963
2227794331
2311559510
2176542138
2279219194
2324496689
2319389970
2239971498
2196384397
2320911209
2248359573
2203015606
2183556049
2239739974
2283812985
2239638241
2224827073
2270442874
2180681333
2322437756
2253103944
2273062331
2254095047
2235270323
2315420936
2270509383
2244544549
2286550395
2210729056
2246997018
2308450658
2276875693
2272196453
2234936394
2188960204
2229927714
2275207058
2224885414
2294829313
2313113150
2247170547
2220980721
2227458363
2279505951
2286416698
2315254883
2315353594
2258820041
2286087519
2229653701
2217946057
2227344095
2234812612
2270028744
2251266513
2178793029
2295725393
2242171609
2284168539
2227618400
2268262517
2286818439
2277314504
2291066642
2278864846
2284072951
2196309744
2283642640
2306402177
2186366075
2178630164
2317913203
2257918716
2222946852
2248873928
2311772279
2232200933
2201840633
2186405441
2227574644
2180953669
2286472322
2220922388
2227500840
2287029243
2199495177
2245300270
2203249452
2283971058
2308534364
2245860121
2286153300
2220582709
2210779561
2245962749
2291232897
2315488638
2289216560
2293173655
2188613527
2208315205
2196668025
2186488277
2284392268
2286976895
2235056152
2243732704
2229509241
2212109412
2263118249
2188624866
2180611061
2227060669
2302061117
2240009163
2275109543
2322309122
2212614475
2292708051
2272259448
2274426688
2289031839
2227521374
2273209794
2204627922
2277273869
2176147395
2214585127
2204733605
2227650246
2234426153
2324467535
2267932998
2256172828
2281502419
2203099279
2205178576
2293455840
2253214487
2217631252
2302171199
2299047886
2232112702
2178713811
2234582291
2223169977
2317858169
2189030568
2315137832
2323259304
2277204228
2183384578
2268076338
2210197799
2240159667
2242283262
2295672618
2281593759
2227753156
2313062400
2246163305
2214178705
2205688222
2301709056
2232297935
2324535305
2304520434
2245533227
2232072815
2284564248
2232008978
2243174292
2242065886
2231731061
2196491938
2229749929
2256702068
2293400443
2199337032
2322254946
2294547600
2278970921
2242382421
2248076941
2248566304
2262964983
2207578949
2317614066
2178828212
2275141487
2243392386
2292934820
2286322959
2173685491
2311625328
2293139216
2254208761
2190933599
2244497474
2323505714
2290710802
2322407530
2316576773
2308399149
2302299131
2312047164
2273105977
2188658931
2286669626
2258496094
2245461888
2281893581
2272764002
2304559451
2229872953
2258399564
2244578070
2223122090
2320726791
2294668775
2266952555
2247991433
2220873959
2245383035
2226861746
2212761024
2320078820
2270843570
2237647775
2205029655
2273015889
2239811071
2284334271
2298954893
2290790152
2281028476
2243601328
2269779173
2289056240
2269636741
2255766086
2210669392
2274862417
2227407091
2296963438
2317707138
2269920372
2286767728
2202821628
2260422009
2299614110
2302228964
2320029735
2283690055
2262201413
2304380293
2274519226
2217460267
2308497895
2176214751
2286862351
2218178447
2281807149
2202931446
2199142276
2284285424
2203159532
2235122603
2176246242
2186272260
2272316183
2208133580
2311890158
2297212902
2229437605
2263177542
2178663701
2225277106
2294925162
2183838198
2243299341
2310529208
2220467451
2279147662
2270771823
2235021551
2234699728
2231956512
2211952098
2323200765
2237578218
2199220325
2250897344
2272976995
2279307540
2229573646
2208364178
2287162755
2253372827
2304610377
2183491973
2258984904
2278749385
2301810102
2237370066
2234503049
2202678246
2181152487
2291153565
2220367251
2210870778
2225123407
2295837023
2315049307
2255563533
2237829018
2267814800
2302392951
2258259066
2231885611
2265559219
2263050409
2183595380
2312293326
2242267766
2212657895
2208260693
2288921284
2281161938
2244668908
2264613230
2273167211
2186188279
2289165856
2183650344
2291344543
2290873326
2278598343
2225336520
2225470926
2258926266
2247132708
2258879335
2235186398
2239938121
2270162693
2229699054
2256516416
2242330446
2225377431
2209896379
2291136564
2261986860
2254519782
2262062925
2200012992
2207850107
2262314337
2176505842
2290946359
2317785943
2299692563
2319985311
2222859845
2196834078
2262409860
2186519730
2279048586
2224664712
2284474708
2242218894
2288997145
2229333030
2223153892
2245645233
2202431714
2265197134
2231841703
2275032624
2188554656
2205778859
2286621070
2218038958
2205600526
2223201101
2287115839
2274311520
2200164452
2240090143
2237789716
2210832068
2207643849
2256634489
2244402244
2237885983
2270330293
2274697117
2224547500
