2194884689
2088527240
2106986506
2144860257
2210803989
2256292532
2131351668
2130296166
2109196925
2172240028
2152677978
2179442491
2192358259
2142778951
2022563476
2188128526
2134920294
2022251297
2227981366
2218032098
2254440152
2072290512
2254016119
2067169841
2251522428
2067356978
2197443912
2133754108
2172685362
2022461848
2108427241
2192964897
2147107210
2206104306
2223835105
2020078166
2135133973
2223270358
2166929279
2069779883
2160398860
2160014303
2172056027
2252086499
2197988854
2208449214
2215327642
2109465323
2070256643
2210837953
2152573583
2221489876
2064616658
2147556873
2165312192
2135269484
2223494449
2130902613
2017685687
2185766961
2165174145
2196963633
2206203647
2130132782
2172453725
2253594771
2187767415
2142815455
2210881519
2205786859
2169829447
2165135788
2152738347
2018226338
2062225175
2021967309
2196175489
2208515643
2024630133
2124890199
2134760232
2203195985
2129167785
2144999670
2190402167
2172605773
2138603934
2129270287
2088677966
2187461069
2192866520
2130692973
2146980036
2081151136
2138694927
2157111609
2175018084
2225593096
2062262068
2124706555
2223762995
2138216826
2124763110
2196384397
2210748413
2026678945
2064678985
2162453317
2256530609
2218119051
2019914000
2175845192
2149344693
2129773527
2215258288
2152765165
2175647526
2178459823
2074391703
2062443384
2193021772
2127093930
2189732011
2126855459
2251633567
2162356789
2185681344
2109500967
2197541376
2145084352
2162010281
2228243590
2215451551
2149526131
2215159556
2149442978
2124506703
2208400130
2190634546
2076085785
2175536528
2020205422
2228586795
2159944044
2164545049
2215545185
2071886281
2076164291
2221359635
2213229237
2175248894
2198058569
2062403437
2129600316
2021836013
2223382692
2208660720
2203572429
2015255037
2206151835
2022412653
2188030677
2070034328
2172177777
2020287157
2131261406
2193059984
2106869711
2124566853
2135689261
2197691885
2251834351
2149776293
2131519614
2206037815
2074063670
2254102084
2254181952
2250867645
2015319115
2113177854
2022608143
2107045020
2164753703
2210327579
2138459057
2223243487
2173581261
2109128434
2173693535
2205935612
2130836535
2169496047
2074243812
2067730939
2221277920
2078433709
2254258899
2203532381
2142631591
2187560057
2147751697
2108246654
2225848366
2067276399
2178396808
2178299807
2127352346
2210535440
2173881212
2157250530
2147711698
2223346041
2251396426
2164922834
2192741080
2256643520
2197754872
2228374265
2178504326
2147412754
2076507529
2138305694
2020160711
2020008300
2072341614
2145158951
2022509239
2165046609
2169647154
2223445402
2131607625
2185391037
2254504304
2130368072
2131054044
2164829072
2190804222
2197123228
2190577309
2192638204
2142565329
2131148585
2130233768
2167481917
2213184972
2152827651
2130476719
2205858212
2213098371
2251032397
2129868194
2138369834
2164657245
2203454540
2167797514
2227938447
2062310133
2088641526
2169903760
2192914803
2064544060
2071823265
2174920555
2218306310
2221218439
2225758132
2167343586
2192481641
2152792929
2197938875
2228488501
2138805969
2175742212
2228079019
2067676886
2178177599
2205696589
2197894895
2221134052
2074342249
2187667986
2109287481
2024716671
2069933058
2189794305
2071978646
2196491938
2072104765
2124973250
2203337475
2138417328
2138489357
2022375047
2223693265
2166891533
2167257205
2022180945
2157204472
2062362294
2072179979
2196824161
2196652979
2162119921
2069989086
2107127968
2167708832
2133810262
2078736291
2162488060
2022079405
2188277878
2080870402
2167944806
2108031741
2185860237
2215705722
2186143537
2164205564
2064763823
2218249313
2149631483
2067623533
2185564089
2070186898
2062584447
2174843320
2223212354
2022322558
2169596881
2225921908
2131210850
2197812906
2142697495
2138748336
2075998856
2018134476
2017616713
2074150802
2078634741
2020241560
2072228349
2130014424
2070320483
2221441103
2255905878
2129360183
2208345237
2203264608
2037074732
2160118995
2074510811
2196302610
2081034332
2113516342
2186097734
2062151250
2142870639
2213032045
2179353329
2135018217
2185215989
2213137290
2253749357
2203627363
2197858680
2164305153
2067082483
2142407255
2078349949
2126964352
2131108205
2190069607
2196084324
2076439022
2017848029
2062535449
2192816410
2175374295
2160505580
2131411343
2208581153
2173771554
2185061511
2190738553
2109353123
2251211411
2125727658
2178472225
2127630012
2138113450
2170137612
2174774306
2254603179
2198127441
2017776952
2251974400
2108350387
2194649482
2124643616
2175122927
2225703737
2018055080
2195993545
2088586524
2078524478
2160236515
2162245071
2147249096
2018182995
2208624495
2203713226
2026806957
2254553145
2189915947
2074785483
2026730340
2210675501
2157150525
2157293273
2167100475
2218362517
2134853773
2190530933
2070142915
2127242826
2256120392
2076581916
2081208949
2168133404
2076350466
2129681572
2185976785
2138652304
2254309200
2131197593
2125439032
2067508376
2137858353
2130989790
2131468375
2254363593
2192565694
2170265161
2187913985
2080950697
2256433696
2130753537
2137985454
2078794917
2142478436
2067557466
2253885208
2147504718
2223313969
2021865749
2162571252
2197369137
2167585588
2015341035
2149967615
2109419608
2064429885
2255973989
2170021910
2066913407
2215613340
2169729830
2194765052
2064350536
2213061495
2074442189
2127452428
2228317670
2190258368
2225650601
2149884016
2190169522
2135446668
2069866096
2067440929
2108155596
2144938833
2106726045
2074732779
2129463977
2164439615
2252037632
2113349144
2135598258
2223584405
2024610613
2251904294
2147333640
2172351502
2210618276
2215403135
2088457086
2178050755
2130569629
