2281048058
2290387846
2282969917
2321435118
2285822357
2293964710
2276133122
2280327507
2280784127
2290182602
2287809244
2290022213
2303268171
2307337702
2280903752
2283227802
2288486309
2283318976
2280560503
2286264970
2290268528
2292214817
2290490292
2274054756
2283096203
2267390980
2287630611
2286180136
2272515343
2285682092
2291810395
2305174605
2321808742
2273959034
2293901897
2272285771
2295910529
2269747977
2272004371
2287912025
2315251258
2286470180
2266750486
2280416003
2269896482
2301027784
2262028939
2315062971
2262124338
2290622635
2288327640
2287695844
2294056255
2270017775
2292460760
2292098026
2300909363
2274154762
2291920278
2285468810
2296069047
2272083569
2288225016
2305248800
2267227750
2307453957
2294140600
2283444344
2292344828
2278266775
2264212442
2288056938
2288590403
2278154294
2307233588
2292685527
2321590303
2275952991
2266888290
2303094486
2294936489
2272663067
2285568350
2272365420
2266611144
2272201229
2267028717
2269617581
2291995172
2280655590
2286345439
2289897554
2264294526
2264395596
2294851551
2285938027
2266673057
2321675521
2276046367
2315141689
