1674423777
1181814675
1674312697
1682271103
1940632957
1461651317
2275449205
1448656036
1572748641
1551530494
1700846462
1198431548
2251988872
1869593549
1604757558
1864760619
2268657380
1566860770
1725712172
1466615568
2260920635
1671104510
1227765955
2254934696
1558259348
1198496689
1386511673
1930278327
1255476274
1310782032
1744719201
2287007025
1458301918
1634170212
1223449993
1761084571
1714512036
1486872465
1631333640
2287039423
1330844911
1865249179
2259153742
1638440983
1850828534
1618428271
2065669132
1656217587
1558327511
1622736823
1328411736
2273441710
1936482683
1673727949
1453211790
2277478946
1605398754
1612860633
1305740025
1439931853
1599589733
1589038806
1435917511
1181898129
1722682272
2275677806
1217645779
1610297459
1919676515
1461573585
1930072083
1338767179
1940820478
1242273166
1862933587
2287259387
1268761519
1225820291
1744864741
1917225990
1615752436
1338816954
1648351148
1628846791
1161777903
1338240060
2287104573
2272923753
1602817136
1330741664
1333408937
1604912823
1330912779
1349711285
1613429273
1284234084
2254881056
1271976598
1951599868
1722854005
1215614085
2282239056
2270979729
1486937539
1401343832
2103388479
1720278427
1878888073
1325954725
2275612211
1252767156
1272097233
1922515967
1450994974
1517308008
1728109414
1553419449
1399198034
1631376786
1369804683
1798758428
1335858895
2256856717
1625880135
1706476154
1656020534
1333586398
2271330851
1572680337
1290616454
1341979777
1936429949
1333488955
1648181310
1794547753
1638690399
1384370096
1323475809
1890451793
1170722424
1617718306
2287074669
1330780480
1862747635
1615259029
1728216684
1761156029
1646047939
1730943346
1295054310
1333654730
1464344163
1617758119
2265447502
1920152681
1227929321
1908413417
1189326145
1758802134
1354292597
1666656063
2289298749
2259117199
1618120792
1648778236
1325912039
1924259646
1491178322
1252627611
2289015271
1220369976
1333207784
1615708642
1706312248
1323519639
1674021947
2288983039
1673903394
1570008649
1386628201
1787115387
1236109038
1401393773
1365316918
1360542294
1266044049
1183975948
1323619432
1170529160
1281025137
2271091067
1471402592
2259020093
2254831981
1700626523
1711761728
1850767064
1367544678
1736516683
1636255751
1682089734
1712022609
1910515051
1251832700
1367182876
1815324920
1458226801
1867321548
1646354936
1419906332
1604841541
1320932217
2193612834
1813122354
1717738875
1318080938
1430568421
1798823069
1295103887
1272238263
1335974240
1617793782
1517879116
1323821810
1928180254
1611116482
1615120291
1597840557
1863034640
1370150547
1613104703
1344192895
1602245911
1491233684
1957636584
1653980611
2286966322
2282177198
1758897939
1629109588
1265703886
1717289128
1339302783
1865180080
1453494102
2197911668
1439408226
1892856107
1344124403
2252522219
1617820117
1720190525
1949240152
1208351998
2275538524
2070563131
2248889484
1648308057
1940866236
1651218403
1277799425
1543555772
1179565257
1928237529
2195214358
2263632672
1370002891
1934158548
1484445536
1611038461
2268440944
2287154748
1326222596
1557839103
1346993314
1349258750
1610601563
1615185738
1235641673
1862647690
1706248547
2313267189
1349477908
1879178945
1615828992
2273036920
1315564917
1396726595
1365241677
1588964576
1362307389
1714320930
1648260512
1625913189
1922131322
1825787903
1653723040
1221179849
1560675476
1435790892
1354339733
1191516047
1305929173
1332726685
1610360057
1615311904
1910470363
1365029463
1694898564
1179502430
1586519708
1631263646
1612795337
2277606727
1303582524
1658887296
2266272148
1908881046
2270933674
1268945175
1867183345
2271296481
1671260687
1570307865
1566399671
1853110878
1877076538
1815128191
1277871744
1396772902
2273725327
1874867754
1775151217
1607591370
1616030231
1940585884
1641154135
1612588986
1375920369
1323402898
1367140179
1328360831
1706586939
1369710057
1770320057
1638512455
1450827064
1853177161
1626157700
1305880948
1360623815
2271039028
1922577410
1890372963
1170666886
1484479244
1599550482
1299917301
1810323719
1448413457
2128593188
1803217583
1258561801
1558503667
2178484118
1239232243
1744790188
1238942415
1310824104
1949153142
1439495845
1626381414
1386562971
1570160291
1914915658
1878922502
1272153586
2306652331
1330644175
1869518059
1413319410
1635983709
1613029621
1238762623
2277435306
2263573355
1578024951
1208575378
1723153301
2260999896
1466579800
1648387374
1235736854
1239491643
1725801493
1308675436
1271682699
1325793471
1403421988
1612735707
2320649933
2282307504
1342065014
1646109532
1750082234
2288960286
1362534789
1318173530
1682006977
1694963980
1310745242
1283715645
1597483073
1727975478
1586613260
1435854801
1542742477
1700688894
1682048310
2195292533
1747230223
1433234868
1810787675
2273371703
1708935110
1280977891
1765074088
1725476366
1682134064
1336203165
1330522268
1701179024
1599654820
2178651569
1310575368
1915207696
2248977252
1720518596
1333800599
1620484905
1830681100
1384488316
1723223448
1654271747
1615366634
1881149169
1631191036
1794595869
1860756109
1328248413
1517807473
1720367519
1325844199
2285020077
1315661035
1464303180
1714564251
1310351010
1227960418
1586200246
1676280894
1651275595
1597061151
1310414999
1384836513
1266110306
1453373807
1620442394
1648735639
2268839569
1932083799
1585981940
1908800340
1648840618
1369947598
1862976290
1258675810
1349201456
1615894206
1607430005
1682453838
1367108683
1948850483
1271912257
1351634486
1451078172
1255371955
1706115207
1934071150
1706166886
1676557847
1951525631
1557767572
1439460741
1610230213
1602308783
1629192118
2287401255
1874971760
1364700055
