2304355647
2307333690
2172653528
2217834914
2165537128
2307441894
2243586362
2290887096
2316920948
2279378505
2249388906
2309531496
2322371214
2116580233
2196218594
2160797618
2295958927
2291081048
2257946011
2152769330
2123576724
2159231339
2129490410
2138428270
2296037836
2309345765
2102187479
2289024942
2154947555
2091778103
2224263940
2222162945
2323230040
2123334325
2269775370
2204024402
2264731329
2119228384
2126178865
2268380427
2219741374
2135133973
2160981932
2314599525
2236483976
2258204688
2292055965
2127811503
2299837163
2239178609
2110612322
2315269350
2204118023
2307512345
2250689062
2310689281
2238893999
2222274272
2241520916
2279301665
2309825759
2264882911
2158469936
2174881061
2125919135
2244476521
2238723755
2317024275
2108182882
2133382559
2307645958
2262553747
2121516497
2199345699
2139942318
2309674931
2248241964
2204199420
2145180462
2279103989
2288945151
2288873883
2314904995
2128388109
2299032805
2158252916
2238821895
2301201191
2161298065
2188337673
2212217781
2227211421
2286952713
2127754292
2229631890
2199760895
2273101255
2189109636
2229041783
2315103811
2315538865
2268322122
2204064898
2258047868
2219923465
2173367966
2249308603
2115391893
2189372042
2312032031
2301002346
2301069940
2291046250
2221002362
2121021791
2310414825
2224183505
2265736984
2135256117
2118751119
2188404816
2128122935
2243916144
2156347786
2314401193
2252055082
2116441102
2093870773
2250596246
2174937635
2163672129
2230950955
2196969014
2295044037
2307259129
2094517249
2110839921
2123854895
2261034424
2107115694
2123446508
2294332809
2314130001
2127513266
2218077463
2248367996
2323317962
2128317338
2324598471
2315367013
2123632727
2303384929
2307751087
2245833048
2212299302
2099286603
2264407166
2311579244
2142913671
2222092172
2304433084
2200016164
2205494517
2254444796
2261231623
2244537915
2249156684
2219656229
2239283270
2301555424
2254508207
2142987314
2248714541
2142297194
2262640372
2154149532
2222548937
2139617310
2311682020
2111601212
2229685864
2196297265
2093939064
2218147442
2133481599
2252011376
2214450815
2135001150
2196736195
2273238489
2147482322
2218195890
2189825409
2245669607
2161349779
2264531726
2214029400
2243744459
2121641930
2163079687
2323674899
2199478420
2172530236
2274405792
2316774028
2204463975
2198610992
2261196383
2132700579
2119072275
2297210273
2248449381
2257858060
2315458850
2254537185
2162597362
2139729463
2194625344
2238991164
2139487291
2250829876
2212380673
2256300578
2135682456
2217694457
2256464979
2227389408
2132100450
2314244874
2120808855
2211737091
2170883463
2234937883
2202274239
2194503117
2121763636
2123179164
2162753715
2301336939
2160912527
2224608150
2224510508
2273209794
2116352548
2224432249
2297176221
2154826360
2260152005
2121426184
2216939634
2121692498
2248572590
2118693790
2320108104
2142863682
2095120518
2302222010
2224724311
2137637069
2251939786
2236593853
2246008785
2122789244
2246339638
2323827122
2267615269
2265005545
2292981260
2139406531
2288910985
2132220331
2224360962
2139883015
2236821859
2110735797
2152565865
2276376441
2190115214
2118557892
2111310623
2137537949
2132554456
2115988444
2137751117
2102843737
2303308611
2147415443
2108544661
2323931582
2311930840
2269869288
2296988131
2166281129
2223108094
2326540618
2264471965
2127964185
2158353057
2099412398
2311772568
2276224820
2322254946
2296108899
2260789038
2290235873
2277344740
2305220658
2254363587
2225172302
2270876465
2172423936
2187128865
2319970689
2170985323
2304211492
2279161575
2170666579
2276131398
2244031837
2326599485
2239077839
2271015635
2274337450
2125564234
2097165559
2294173353
2107195232
2220163371
2204391580
2254642417
2121582381
2324564709
2269717394
2219823145
2310490584
2292928645
2248792638
2127132437
2174725693
2252093942
2218004779
2311859401
2312959699
2230827100
2261174366
2299149341
2189713092
2308480302
2118994478
2123906578
2256774954
2127665821
2094047883
2154894551
2204316016
2159375312
2190044902
2125630639
2108342691
2269624474
2236743202
2125976114
2288994033
2292879192
2325569805
2211835900
2265689969
2198803882
2091595535
2144349790
2125848064
2115497443
2324631140
2118815024
2094601737
2312881050
2264788204
2125937084
2310651956
2243099592
2275236585
2273172078
2254560936
2142802550
2110998399
2264617776
2318055024
2214120739
2134893392
2225277106
2222017458
2236251292
2243677941
2091872157
2267481552
2279242960
2323423187
2325726450
2132386436
2308516304
2163182209
2286913680
2273024904
2175179609
2261125685
2320135142
2145122443
2244112640
2221943049
2214264118
2267268259
2162924015
2242264243
2317169294
2304400474
2160411197
2217076994
2185724535
2128054540
2304145301
2298605462
2298468249
2306318384
2156242551
2152647846
2189578260
2173259895
2256723562
2134772156
2251860646
2142953753
2290131201
2279425634
2290972866
2279349619
2294971061
2291019444
2318020237
2172341089
2222412726
2111552226
2160690281
2121232469
2305587461
2128267381
2325928603
2304270561
2214534878
2160497722
2110507764
2290928139
2139552949
2245541669
2260955039
2189182693
2174782455
2159155081
2198678058
2160574683
2119132536
2123054085
2108447173
2272886786
2142492609
2279453819
2270980090
2130321522
2257759388
2137839310
2175328501
2125735554
2209742555
2115182680
2259895511
2294809053
2199887768
2230738793
2165356986
2253427897
2251799733
2170770519
2306255461
2254602637
2142165362
2116655114
2120913887
2296876704
2274576610
2119322497
2142619354
2304061636
2132806253
2294900606
2322328461
2189959854
2108253183
2313006078
2256810869
2130942850
2236374173
