1992254689
1378138068
2073393048
1637875622
1744906144
2086069513
2061094928
1368674218
1749167867
2030646273
2038563411
1410479495
1957352937
2073224347
1741750532
2035601639
2041421848
2093710865
1989016402
1676191509
1468013201
1747192700
1348617639
2069428815
1639191914
2080854156
1722636566
2090613192
1558192486
1629194799
1455934421
1694876294
1810700383
1341169731
2079744458
1645564643
1541739851
1463882869
1795975501
1716570403
1470947345
1772397741
1338299094
1653336295
1473278844
1871373661
1553639321
1757270467
1412547345
1773523628
1338489194
1463798341
1558348527
1772490285
1776405698
1629926391
2097231956
1708040764
2073891290
1650704888
1984970085
1717962949
1873832788
2062147317
1716838836
1799482108
1367096332
1762695482
2097501253
2129417873
2079636938
1759457325
2130224194
2024308781
1367079149
1700219085
1758673654
2062218895
1757601346
1749097682
1503987761
2035804138
2097444086
1338621725
1750549518
2053065430
1744994261
1442487777
1719652184
1744028792
1763480846
2104917237
1535600616
1694810918
2052314360
1650496350
2033183616
1799638502
1706394715
1653225140
1796116367
1708261232
1765192586
2079495602
1558117604
1414862397
2120398323
1330312521
1498516807
1772070830
2025767789
2014547320
1653110763
1747252309
1676286135
1796227231
2122768980
2053099368
1337989096
1367128444
2063725459
1653492556
1423996281
2052519971
2123677172
2026449228
1470988010
1742203879
1814988110
1741699818
2085262045
2104847766
1329590260
1407571567
1541582148
2028367902
1655942664
1692014489
2122996005
1765811499
2079427995
1421578534
2056148787
2070123203
2019324121
1430800401
2073596899
1407253676
2071994451
1719903823
1407442075
1396633427
1741604557
1380101231
1714356550
1330511280
2092778320
2106839196
1719758854
2090673424
2024197770
1364773517
1757827176
1330398733
2076443703
1703604088
1338416691
2077724140
1800433460
2073139231
1639109589
1348707812
1677829605
1716424912
1348795476
1705965652
1631751903
1810645099
1651865506
1424089635
1744770039
2014677584
2021391276
1987935540
2069997046
2082566563
1712977810
1999932512
2063605603
1648245085
1988803657
1424157255
2081008479
2105043891
1340778529
1691597671
1340908848
1624739177
1421504775
2038684917
2123957276
1392536306
1757686574
1676035387
2014422383
2092654037
1535554207
1805481476
1700509614
1641745268
1463943364
1566507847
1694992408
1349113476
1648312600
1703527401
1379948970
1765399566
1675952149
1481856390
1396571299
1703463012
2129220763
1412765251
2062092523
1720042180
1760975047
1380084003
1703225481
1419292389
1412824080
1410272324
1716940958
1412706784
1673296061
1758535381
1673225822
1694501146
2093025946
1653545619
1988930325
1744837018
1542877755
1873719542
1763223196
1401643989
1802195191
1558074740
2077381750
2060717301
2120501516
1700327923
2108896237
2053744775
1348530886
1744367770
2097370929
2123116647
1481996701
1995646438
2024384243
2024443089
2061943196
1653393049
1758758845
2069832834
1676129269
1330262908
1722568262
1542938614
1760895511
1349162325
2123863009
1655522016
2092719604
2061877431
1718144841
1759621155
1338542959
1558266516
2000060630
2123588673
1645390471
1691792201
2123278488
2128326761
2069552555
2086226711
1773412065
1341053104
1430719949
1990129097
1423896310
2053847755
2082013922
1442130090
2082153745
2083408683
1685598294
1722693680
2097563869
2040833977
1773357229
1717130169
2036009162
2052399133
1498275887
2104985686
1473407267
2033109112
2021266636
1810528843
1761316721
1396452991
1798422941
1410577916
1545254634
2081934250
1719829712
1800540808
1414763474
2058425790
2041326968
1410391992
1414921186
2077601051
1380049599
1414998318
2120612127
1546199207
2052018400
2079561684
1415043208
1645730700
1545093909
1338152779
1762787779
1704643818
2082405246
1344284739
1757167828
1641863450
1685888008
1768902526
1338697066
1984924049
2060574847
2102902994
2075056809
1433235810
2128430949
2086146867
1555857197
1377681071
1744323075
2071864032
2000178387
1364730525
1691945872
1985035573
1640562462
1650287287
1999457134
1706313186
2109016936
1655996233
2080788272
1765227308
1558431661
1637175805
2071688456
1758458516
1410658588
2061183145
1719996873
1706232864
1992184250
1703138858
1750668059
1412468268
1742188602
1694930371
1542684116
2080705320
1808299895
1346079382
2014801054
2069924814
1800619528
1473348661
1648355034
1657136764
1544222461
2076169725
1639333771
1655873868
1423812987
1686054884
2060785055
2106270756
1718011877
1481921592
1689187956
2056284981
1686253951
1650639868
1994885632
1741528237
1366748821
2035728663
1652222757
1757405816
1329710579
2060986809
2123517501
1754579841
1808391909
1871290859
2105902272
1356503027
2056394434
1758584173
1761248149
1917134365
1717063993
1744252384
2035921058
2071794160
1396524740
1766123131
1624911375
2072059319
1757506381
2082243367
1706034842
1650832165
1763420360
1400873158
2073438070
2129540386
1745215286
1401602885
1776524491
1673429954
1645493828
1758840734
2122691512
2122586929
2058509606
1640491759
2080925408
1553584552
2092831456
2123746207
2120234474
1653448217
1400923615
1421651557
1645653365
1412612581
1419403409
2056497287
1754961308
1700432628
1717848156
1401731066
1757027501
1749361786
1559882820
1765905565
2081056718
2084785852
1886064236
1795917424
2083485118
2053956786
2052639894
2069667457
1791676124
1650393023
2062022117
1988021918
1553499727
1714308081
1766036763
2080616434
1419366058
2122870736
2062433600
1442584667
1542755108
2106900581
1705817529
2070082366
1341407679
1758313978
2083301828
1997491011
1702972333
2052229569
