2304355647
2267813776
2255181890
2296007141
2016727057
2272176818
2253086052
2158072870
2296077165
1994687932
2190398812
1992670348
2271651831
2170476712
2257946011
2000959407
2170350809
2189104073
2243428395
2008786592
2309458836
2036783420
2031899628
2223299035
2323230040
2271874845
2156427050
2023807476
2309305657
2006903786
2037433012
2015287118
2320987083
2325429422
2177135840
2022065068
2160014303
2000889182
2257419229
2012876363
2230453407
2056838973
2029896192
2137179009
2129273667
2043753543
2054924981
1995946738
2181789824
1990121047
2271730693
2031960796
2009279106
2043411727
2242111533
1993647172
2042506439
2042616665
2022564884
2252760080
2257866181
2136862315
2029239730
2153535542
1999906299
2182000651
2300789144
1992511239
2276074697
2190298914
2062201777
2258047002
2028280580
2179449057
2056467233
2086271810
2162137085
2164557657
2164639020
2082309031
2259511725
2000151798
2007601429
2230523007
2005198304
2224093463
2255789594
2255251426
2007544640
2086951488
2249940323
2010086868
2311449382
2119262875
2032024217
2250144891
2188516672
2177079116
2189825579
2320911209
2119220681
2193960788
2139192822
2093348282
1992338553
1988390744
2248917459
2289775011
2048751786
2257668535
2180792906
2272074458
2144066294
2280171149
2024861974
2028435486
2151139835
2019743959
2056326901
2262049769
2137087215
2275936917
2250934411
2251710657
1993608987
2006484182
2253165572
2153650015
2209346038
2191450909
2024916050
2306420872
2209521843
2058886175
2243125970
2015211848
2003124734
2164742271
2321062088
2166384090
2074238821
2252965928
2252846882
1999673190
2261720709
2274332986
2141808346
1990292114
2042170469
2015447290
1995892546
2257615278
2240611475
2034835248
2078796767
2154643472
2156124765
2129600316
2287686810
2017106799
1997208867
2247834233
2295725393
2289653635
2156617593
2008878135
2043635696
2005108942
2051590686
2074190917
2259395618
1989297910
2041671299
2074032806
2223966146
1997048392
2012735185
2012631674
2320808754
2192934579
2231157643
2029311341
2156780169
2119119876
2325524462
2048494478
2073365452
2228202273
2188404986
2023600189
2240757777
2086859555
2228285801
2059960479
2309380755
2041549286
2097206392
2032101595
2307342945
2253472965
2042016724
2306474314
2156880707
2015518272
2251358100
2064566738
2046542209
2209226659
2304323803
2137022186
2156529539
2129422699
2212066832
2144328934
2087012713
1989432559
2012674431
2211697495
2016843822
2056222086
2186699512
2120201837
2027149787
2061028621
1994577059
2192572046
2247923009
2009128867
2242247250
2211625551
2249049504
2029741365
2012782247
2055142185
2264147475
2230389777
2143997393
2042098922
2022510621
2172795668
2226863056
2014177839
2029976531
2007788354
2022105878
2162036065
2271977790
2295614522
2295827182
2082454703
2228631143
2034502922
2251423552
2261668154
2211816236
2158833763
2009793809
2237677495
2211919261
2248526258
2179533311
2295672618
2209639447
2224038248
2142008463
2306449889
2047398966
2323042873
2046891182
2144642050
2274238558
2097342168
2011557737
2170265029
2322979881
2125011465
2248290730
2036724801
2015331043
2264234867
2172966493
2047409456
2137340488
2259348319
2186832178
2253250061
2259461837
2188456990
2192477962
2309213963
2048613490
2020147823
2253394286
2047129341
2231260353
2031780254
2223233121
2223262580
2041852008
2127858874
2054201913
2010129850
2036638618
2046430005
2059245563
2044203405
2159281557
2005531649
1992431606
2003052906
2235052532
2216407819
2259593052
2037480377
2240695028
2264312845
2228840790
1988298756
2234910105
2044284053
2047010489
2059994909
2231793002
2129502548
2280233800
2000034483
2063240312
2017549191
2119990099
2251637149
2158679714
2234938772
2055088212
2251139232
2210017951
2046246170
2056949132
2194221548
2015370295
2181916937
2324996800
2264069562
2187273768
2085366832
2078828836
2060039708
2047340429
2057611449
2124857063
2037403731
2261952901
2179690057
2021484369
2307281078
2185213252
2151277257
2047206921
2251537241
2042240113
2257770723
2015418865
2021323475
1993543114
2012153114
1990832867
2253583627
2144176487
2200264668
2087097924
2242183444
2224160046
2287505710
2159213542
1990379124
2055001870
2177891951
2143896209
2295911008
2262911121
2237630727
2258715770
2160296883
2043557907
2011805945
2144766555
2242043926
2074090289
2003163079
2180271326
1993701083
2162245071
2120410375
2012821185
2272248096
1990218206
2047462331
2267904110
2142116146
2119293357
2151405357
2144894003
2094495635
2136646346
2266716375
2255107160
2044408286
2322822626
2209405239
2046662786
2022438891
2276000191
2022474199
2180835322
2233364397
2034559742
2022632775
2225123407
2042391842
2156972786
2304388277
2188574774
2024804109
2168788811
2010185486
2255341807
2042564485
2166323417
2257543262
2287564348
2262156900
2022409130
2223335388
2307010084
2089723588
2005326838
1993474052
2153746089
2042430628
2262818233
2153429457
2311742411
2073471481
2264403271
2259643484
2255682071
2120465967
2261852957
2005493803
2179287997
1989380123
1992258295
2051277579
2162350601
2011917328
2154735729
2009377850
2248454633
2027080311
1988215975
2046344261
2120083917
2169707185
2091538544
2250014840
2048985250
2234998577
2257342485
2287590530
2300719485
2085260378
2180888578
2289705364
2075528448
2209270168
2026852649
2044944198
2311541586
2194336609
1989334398
2192890977
2127106358
2323138112
2191508753
2266617800
2021291396
2158028662
2007743750
2129374468
2192986383
2014042008
2164944464
2120563804
2056760002
2139081937
1995835442
2127964098
2120276700
2073265764
1995979563
2228693433
