1723337533
2097246293
1717080965
2259320563
1853224455
882137379
930288717
569803887
1784326934
1631036389
1998478517
1860621965
1150165035
1097924560
1128768510
1817410397
1172294665
722007382
1846166205
2145136287
1874585017
1128912195
629452453
534486922
1631333640
1630861652
569917416
1706151601
1891413442
1124085381
1808733221
1708914544
733953832
1171789899
770995607
1708665001
736247499
1682028865
578064766
769083280
629516450
740317725
1708582758
1895382070
682402893
1171509579
1758607011
612056079
689777100
740285462
1993361000
738396983
571329394
736590659
1630924583
684334684
1439619944
1059742455
1625531487
2302472891
1628846791
687975179
2261246419
1708755877
1855410956
1172538549
1006859588
1725467486
1168981172
689669445
2273447409
1903874099
734048106
743768690
1064144111
2180748059
1506825061
772554830
769337333
1895112369
1064029047
612183063
1626156255
1850978753
1625374067
620115238
1717226039
1725653418
2275490201
2312944031
1760613842
632831966
631389769
1097962057
602337472
1091897712
1703619158
1626066789
1631376786
1848618489
1711572550
1950991069
547380995
730027763
740241727
2275453590
1097856296
1130870089
1864781531
2304450474
1171948396
828525692
1781874553
882078953
769166153
2302584102
767304257
1998691317
2304295121
1713952175
767633099
593350275
768808772
1706316725
730082287
1868904638
1631243170
648152323
1944300940
578164744
619898291
2273361777
1703666360
1645651466
1164338203
1628407359
835752038
1758259231
620141366
1914440809
589169102
843554957
1705972603
1758681942
582545898
1059582204
1989364826
639655565
1091971630
1150206705
1991488291
1085201356
1682125326
771196094
1944267172
730120581
1163993535
620037593
1998568784
1706275459
1940660828
1506686531
660144343
1796812772
1085144218
1169079808
1800858912
1728049161
734150165
818829421
1703785913
631160055
1895031020
1164808062
1091783882
1717141473
571285141
738290625
1893179150
1626003888
830130777
684311307
2302425413
685773119
2304396382
730163491
1089703945
1711509091
2007838650
2076513538
1091949522
1169193483
547463493
639924875
1784395828
762608364
629484960
1578270471
1825352280
1506763502
1064092913
698514806
1808594901
1713869180
774318898
975286283
1100338831
547404753
895144711
619953736
1601567886
655332243
1439807413
1619876460
767698877
1623299458
593372620
1825223288
576503813
1164639074
819094533
1904186674
612157422
2299520556
1714045728
582572013
534694290
2180591893
738452629
1509313238
1013786475
1601663926
631061168
2279363518
736515866
1617820117
1848369498
742051855
545993038
1787168611
1850768292
2116957661
1682089175
738357282
830168171
1893613615
1509527100
545956392
1630791674
1993832469
1619770356
653507194
1091830292
534660664
1998804961
1098399953
1723276402
610585476
1085101429
610712285
1711615688
1946446196
1706436076
860229432
1845583116
547443465
698884717
1059660055
631145451
2312987405
1089627018
1169812026
1100278986
1916749892
684358969
738326951
689870456
1708844568
1714232288
1111759943
751338409
1817449773
1855484451
1940580346
794055796
1059526231
676553568
1819665646
1601867572
1703189381
765679459
1575360340
1703859532
578114273
830253602
828499945
1130970506
1940614981
1625301020
1895102007
1620508915
830332035
676474519
1509388988
631328751
1789084407
1703515614
1111838742
1944362132
569845186
860280494
688031344
843460922
2293054642
1006918717
688000253
1711793280
774247535
1940547355
537618106
630998769
1706566945
1706087782
1506623573
1705852640
631355667
1903942312
1164890633
1164550174
569858761
1439535809
571312365
1100752076
1650834577
736314979
770826349
2180821136
569772871
1172078440
1706376699
870001111
1575414310
1991411664
1578192951
871595724
547364171
2275153608
1944436467
1091700493
620095475
1869437262
2261183872
1848439037
1128987754
1717379206
1439910565
1897504437
1864719480
1891596587
593324437
2076439022
828647728
1100647488
1643059006
582516345
1717010881
830297698
574301409
611979372
736288676
1620609593
1940448192
2322649062
765876986
547426408
1850877159
582614305
1169518071
2304342708
843485233
1152288351
1819545455
1835414176
1121436936
1918945486
1714127616
1808651067
1794625519
534610559
1124004247
860303859
1800808208
767570030
1059459360
1946401994
578195752
612021995
1760692812
1918882083
743745718
1622769072
1171690351
1682179532
1995975840
1723192306
610774338
1362534789
765748974
1869360604
2302552561
631194500
830227619
1991347274
930235800
736336308
1998420051
593389079
736565358
612036195
2242645108
620178393
1164479106
1794572109
930333433
534750277
578089535
794098434
1648671357
1944394504
771125367
578133689
975261284
1703724721
1706502971
689902149
1940487478
1725539575
1946479244
751298987
2178446486
1995903586
1950881867
689936704
770724297
843531767
610739168
765816652
769408915
764114253
1630980757
860253099
930191347
1601818002
2273404001
1717263004
1436095891
1100699314
1714200595
1711654617
534420568
1625608468
1794518491
1808789574
1006901082
1682230202
2268812132
610606987
1631087670
734089855
569825842
1788912959
833680961
1439701875
1784464290
1617870677
1950940859
674846149
1792540065
2322690870
620070967
1164972054
1098345449
1089598545
1725599229
860194741
1991263118
1760515824
1128822451
1792462544
729991123
1506903665
1435996024
828618505
1950752447
620006976
1509450942
1808687594
2180667473
1848494714
1172199599
