1835027091
2218193668
1914381507
2014609850
2224165825
2216678378
2262875973
1745415598
1904144851
1829040642
1825216465
1976538649
2272477359
2056174386
2198766492
1978954870
1907925629
2281371409
1889414627
2218362669
1916671224
2303886200
2257461919
1795699958
1912303881
1929407238
2099417875
2269833786
2218285169
2322191122
2072876735
1888857899
1848149954
2069648302
1840294168
2268907707
1916550660
2025362525
1929296886
2056373599
2040931980
2219675467
1852385239
1996345834
2219429443
1934778405
2279639361
2258567201
2004949826
2270191717
2069727524
2214537241
1797609267
1806843762
1821468633
1978618581
1802625669
1890037408
1935547035
2266029986
1858982563
1912247036
2208931493
1840383262
1899757608
1899552613
2050305874
1753049571
2321911729
1940331510
1867336276
1937019721
1831544318
1844527332
2278459232
1847857564
1924702704
2208412987
1867692462
1937756058
1981338614
2265970869
1800141527
2131955825
1843274154
1872248987
2196513602
2212522364
1850136432
1865834004
1821673575
2071606113
1823869415
1850217310
1936031667
1818446205
2288195397
2023976239
2222196093
1842146865
2217690049
1841797274
1999315294
2048608343
2321805534
2042260255
1746518188
2255686838
1853674115
1875825432
1932762344
1817002655
1950031336
1852523008
2274251539
2058845829
1769409328
1977531221
1885797560
2173111395
1878948328
1834894520
1837848319
1882051016
1916181327
2059669409
1941903975
1756819813
2286134133
1749234604
1836233620
1836682002
1826212172
1799383779
2073532941
1937861088
2012393186
1743701986
1869095434
1753075053
2265190978
2281051764
2267376485
1852139215
2217863762
1968022482
1995036335
2214809886
1818778077
1955773203
1831784375
2218398121
1863581882
1937455421
1937951561
1925785324
2307881384
1890094294
1798312890
1860293387
2064344953
2219149763
1889693038
2321260919
1841566803
2063313285
2049596165
2266639343
1937605738
1868528871
1875594359
1814850201
2208124866
1886834258
1841470322
1944750616
2063621701
2316822818
1911854887
2255782019
2058693265
1817821028
1798059373
1998297495
1995166370
1766952157
1751767883
1863486913
1935263554
2277478700
2220061212
2046839280
1869039397
2014100050
2266725781
1818004971
2010507205
1945594380
1866901988
1935388154
1805409067
1943447068
2265335171
1848056400
2277627911
1751671412
2072743529
1781821826
2073101988
2036521622
1923522817
1887442307
1821227304
1818897852
1837940765
1761422842
2252721572
1895752574
1937324910
2111615164
2276793639
1957156801
1781880146
1935166051
2191251313
2198876667
2010981463
1904292015
1968623177
2220369666
2267711799
1823606301
1831448399
2089980030
1995278739
2012174013
2064436901
2010570102
2277922601
1883812159
2261877162
2072673654
1791497037
1923357153
1867464315
2051220998
2267512091
2310989046
1887471862
1997966118
2290488965
1819580860
1863877430
1887080600
1825083837
1791642288
2309378134
2201948352
2266878236
1887679943
1905799977
2042324314
1841920336
2110591313
2051098907
2207055135
2286244025
2303798757
2324094655
2258470303
1941966342
1844388228
1754962949
1887520247
2016079830
1847980713
2070155247
1888727078
2057015650
2276887952
1798180581
2281149692
1988666357
1865927559
1875195638
1818636588
2036650517
2004033483
1881814585
2280975906
1814774836
2307260664
1807905141
1838056181
2224366692
2201513530
1751997384
1831251607
2208328330
2269671125
2276380578
2010912611
1844261718
1821836464
1790247536
1925279482
1974145113
1878871703
1826132983
2272630723
1827481903
1925844529
2064241730
1875701158
1784702885
1851135514
2259820781
2070204009
2177222565
2205460480
1898684060
1753020347
2040842321
1953476316
1821060441
1865437172
1916734951
2264802737
2276948378
2267016813
2021688819
1879771361
1863959943
2266521660
2208213247
2021913766
1933402787
1908066940
2071171823
1829745451
2010637852
1860185945
1799306786
1978497507
2322950027
1756989860
1815003135
2008088543
1826300255
2010774242
1867786940
2006045033
1978833995
1887770742
2323878001
2222944871
1852634172
1866152665
1935051584
1867416560
1988770461
1981220961
1824945542
1769478478
2317694848
1797761939
1924792472
1888532252
1886964286
2050239757
2270310553
1892019985
1746399354
2265434702
1916002945
2069545310
2041552034
1766870221
1891949278
2278027751
2017236944
1987715897
2262946874
1826017786
2220197597
1894110512
2271948087
2279712835
2325320955
2222294848
2064121487
1983426102
2212693483
2316934514
1834083627
1968834290
1822305916
1854800380
1831103296
1994412013
1887616435
2277448321
2272307648
2016258347
1939958765
2205219714
1887168961
2024089616
1822539887
1890141150
1822407771
1884809535
2054033490
1931528019
2217977303
1899645034
1806611749
1869141234
1752094640
2252486825
2269531379
1822173366
1933484297
1866052051
1881910902
1974073923
2284286700
1862595128
1996572519
1946317230
2277556831
1989080547
2072987070
2025445429
1865720837
2208260396
1915828504
1923969783
2059755317
1927696004
1848191855
1915543322
2278095050
2170276386
2212425124
1839071424
1924043114
2267204987
2281524828
1867561671
1872553042
1882177969
1855005645
1817921617
2263269520
2307411348
1811617323
1901789163
1859952502
1990131721
1990801430
2068347774
2251680631
2201710551
1889798944
2201872254
2322113396
2269061634
2323053932
2269368777
2206952007
2265921614
1761311312
1852279257
2253684925
2034479259
2217565168
2304075715
1809431424
2267879281
2014300712
2321410857
1897799333
2319884725
2206629639
1829194567
1887833498
2015962353
1904401474
1744881544
1825308296
1840050644
2319822077
2196310264
1931475006
1840199911
1751873030
2274731938
2088002973
2253458497
