1896926384
1952975418
2133703242
1882075947
1857239828
1948624323
2284679661
1855328861
1926142260
1957583597
1933518916
2081253831
1993565831
1880633793
2132829047
1856625944
1951123127
1862077275
1926209097
2138590504
1896804004
1950320917
1936372751
1989071845
1924285514
1894682896
1969403532
1916918429
1901269557
1951186495
1888885999
1896972438
1887152916
1871538466
1857122383
2307674108
1940064130
1971282665
1860477077
1988848410
2287186448
1957850642
1936077223
1987072172
2281899647
1969275554
1929112770
1869149320
1928037615
1946044498
1959386499
1864667729
1946022262
1957771179
1892631214
1940411005
1946556516
1957656653
1871397244
2143083632
1958872250
1935758697
1964250218
1908011494
1894425271
1959833516
2287104886
2150292498
1962032736
2157217897
1931738726
2143033102
1951229596
1945911548
1874383223
2145314559
1936206666
1919026643
1955721528
2150353637
1988764995
1880831105
1948259828
1919158780
1948057113
1882421554
1871502415
1884970317
1948468905
2157272106
2149392288
2147772759
1977685969
1912586283
1947679172
2142869876
1866204838
2099934081
2024891440
2132948582
1866938172
1991546285
1864833603
1931848194
1857863229
1869008674
1931877991
1919263340
1876729618
1935528530
1936139685
1921833122
1960052244
1989259621
1924240514
1938748222
2133079727
1944337282
1896862276
2149495616
2136193116
2017953480
1860640475
1946393916
1900708002
1926177751
1864603315
1971360801
1959287068
2095409792
1959937771
1991503583
1906031827
1887312499
1892040899
1953674130
2157316191
1917086347
2281949448
1985047474
1944535797
1936052819
1912486009
2284522052
1927955959
1966690983
1884891680
1855200840
2136229486
1933875834
2138526209
1878317382
1948556639
1937798102
1884786665
1938550468
1866132746
1991365157
1901076189
1919309627
2147823158
1977647896
1938509224
1947793617
1946165733
1908394300
2145568424
1860582499
2107314326
1921791767
1933621419
1989371585
1933677087
1977383193
1880688891
1905448894
1869114094
1938470661
1917012683
1943957694
1866026195
1971486623
1901207542
1946508733
1874315683
2095464862
1959982455
1955790872
1975524996
2136276458
1880771182
1885023775
1957824298
1973504769
1864769624
2136323493
1871580200
2284413546
1864883500
1903449484
1918880027
1885058100
1940485376
1908251647
1918977423
1962087804
1890184731
1940377872
1901024711
1878824922
1909778599
1878935844
1903489795
1984756845
1940452697
1905912091
1887086426
1982583557
1917048741
2145407539
2017904806
2147624029
2095507106
1919194558
1882328904
2142259906
2142993085
2142386204
2147922128
1959795479
1888750537
1936112553
2133775969
1980217592
1969354647
1876686616
1858072255
1969135695
1866302641
1892696304
1916829465
1944357513
1869078145
1912555577
2143198851
2133583707
1948822176
1894789220
1955683222
1955522357
2067813021
1944507779
1868877625
1894850864
1986891227
1960018191
1914410935
1882849792
2287000133
1910142738
1933709580
1869196202
1854700598
1953708828
1901184195
1959519342
1929179504
1930053109
1918908329
1953471645
1959887223
1876776497
1957382197
1864909919
1882654621
1910253334
1969511477
1982494518
1942200055
1873916279
1933734753
1908302017
1921928656
2135931475
1951360448
1953575853
1869237940
2147853619
1894889685
1935163550
1885113871
1860133194
1912517321
1969452822
1989315592
1991288567
1946300806
1964213164
1942302794
1878514645
1905939480
1957726640
1935605086
1928099418
1900617776
1948363601
1947967960
2143053916
1931957307
1966620537
2149603508
1943868871
1880569609
1918660455
1878852566
1892420369
2095290298
1916877304
1860431707
1906152036
2136365885
1890243444
1982612304
1945968021
1901304159
2109527750
1887461714
1900780260
1950247756
1948317859
2107280435
1977098781
1907940829
1894830497
1944007079
1894721409
2152536477
1991468447
1927921887
1986809992
1933571455
1950402142
1962059849
2064181936
1946463201
1955760820
1902558651
1931819247
1929065924
1966883111
2140885574
1985003892
1928068607
1922056660
1938202645
1889515475
1966835757
1969194536
1868952881
2133658076
2064851273
2024793319
1938689182
1931783364
1862679800
1966930424
1946329141
2284474640
1980061628
1902423838
1899152321
1977462499
1945832338
1862757648
2145265730
1942360142
1946252574
1874285514
1882899730
1912447625
1874188898
1944463070
2157182231
2081360915
1860771028
2145536285
1919090104
1908112877
1940522139
2064772780
1885151707
1906100723
1903304429
1910373662
1959753863
1888577453
1909869812
1919127885
1955815214
1867026381
1936258351
1944379436
2300000662
1942330735
1944416498
1942387282
1951275654
2095336453
1892334985
2081299554
1948185208
1855138354
1990980591
2143152183
1894598346
1908217984
1901248543
1985123286
1935989423
1933827485
1896493742
2143113817
1871446702
1860691373
1867081248
1908441117
1938584090
1908167841
1917025945
1899110509
1892493531
2145455062
2140203320
1889150388
1964166792
1936307881
1957890576
1855378254
1921984468
1974905730
1874236151
1985086539
1918561918
1980153773
2132682565
1873983765
1927997404
1892582897
2138635610
1946363901
1958997718
2145366747
2287044660
1977427353
1929966949
1878897183
1887421146
1930002544
1878966030
1931913533
1887250945
2150404303
1901157023
1855273193
1855041669
1935340013
1946072812
1856504871
1944311171
2145506823
1991594743
1912381139
1914795039
1910204828
1959463070
1916972707
1955636638
1966757624
1862620805
1964087723
2152815648
1953532657
1882969630
1922117549
1882769784
2299923917
1914834754
1946136663
1901113636
1966991365
1933917365
1905989972
1859960634
1937899409
1948759281
2109483166
1946425090
2286961581
1948513741
2147990027
