2071825170
2220779454
2219926911
2160323959
2076364586
2142198093
2083532195
2186285341
2124193497
2221889968
2227699641
2129984123
2119496912
2189956767
2111661135
2217574970
2075913033
2096875373
2104449901
2265843331
2106869170
2110222541
2091964643
2124232971
2127068075
2210174280
2078399131
2220972103
2125593365
2123858898
2072966890
2228536064
2081209803
2226182518
2109483396
2222397044
2085391878
2111709148
2133701414
2094506495
2076625145
2224400168
2137192279
2130779989
2081244656
2136100852
2217444761
2170497766
2144927256
2068949352
2142873836
2259138218
2142918939
2112593818
2072130599
2140734328
2068804116
2144277398
2108861730
2175970405
2121382413
2209788292
2126199997
2259782771
2122946571
2080975296
2079879514
2216987417
2080045726
2114167130
2302344235
2097509754
2263360331
2113479557
2078090392
2061135846
2143098452
2208515643
2114123988
2216830868
2135533724
2133237939
2219544494
2220507858
2138445505
2173096994
2215688464
2129849288
2231539981
2265640024
2134971764
2185637813
2228951530
2084969629
2221053157
2109231982
2143833518
2090839071
2140410000
2094785968
2113069091
2265708329
2263310308
2082386300
2101787347
2086366497
2109166338
2216641999
2094164428
2166391543
2224692282
2087827145
2135265199
2072209927
2079422717
2186337588
2220087567
2182329383
2122848506
2120394958
2229374323
2223067189
2106096041
2160233955
2097095118
2214933799
2181793927
2164908118
2108299654
2136450046
2216536924
2094280597
2085839750
2140489724
2257793903
2096186854
2069962252
2077806964
2059737956
2224588802
2135683790
2142324670
2133803704
2105040446
2078870311
2231062754
2121538319
2124027184
2136232334
2258151445
2082500019
2222006507
2121680313
2262099088
2160151458
2083446208
2127378972
2076676686
2144474451
2101601462
2133630484
2076536694
2141911762
2115360867
2128257751
2083956109
2090871689
2140671529
2110100125
2107255135
2219646372
2146063884
2138374942
2185919034
2133128338
2215327642
2059817540
2087063864
2264555954
2094081484
2217890456
2210323192
2119176358
2084641707
2107948851
2104943371
2102724014
2085282175
2133538935
2072268528
2111357210
2189324396
2145170734
2217749892
2103818270
2295939543
2078643718
2208665240
2126158573
2107099861
2059933776
2104847834
2076169699
2077513797
2084786704
2182162107
2109349521
2078352408
2213036727
2143893689
2096086332
2237383200
2220634110
2185322914
2222928162
2222165823
2142828615
2210535440
2218236383
2079370669
2123387934
2107043141
2083357792
2137604256
2087954154
2121637474
2107886399
2226610979
2084887938
2085922699
2146563057
2083144448
2104313377
2093848348
2121475602
2092397581
2221715962
2072366942
2126869134
2085081362
2090148572
2071954764
2093792334
2087727253
2210922638
2093996961
2222985819
2106431858
2223894277
2212627207
2090622970
2214492624
2220357500
2125848390
2108026382
2079727761
2209607168
2080440673
2087420964
2263464856
2302382067
2321757494
2231354422
2208464769
2224005118
2142710791
2096012438
2073289348
2101930344
2208282152
2243630811
2092649224
2189431433
2087114582
2077475408
2086459384
2229458453
2219308241
2137415580
2077662692
2141777805
2261373133
2218515879
2085567633
2116751670
2255822881
2106941683
2230972464
2092267145
2136198765
2103941594
2224071584
2104572997
2170225926
2304520434
2230755057
2078721366
2220808924
2128168083
2143061152
2274073128
2092057672
2165411514
2266621181
2231973090
2101384834
2215049073
2091762111
2108101361
2144726440
2123951330
2076433010
2073118906
2325129589
2227662996
2087328887
2223264198
2170126971
2142452695
2104007254
2211683843
2232074554
2139510685
2107380879
2069082645
2138498686
2257902637
2106029121
2212534708
2218410867
2241783246
2107832854
2121100196
2139338115
2231793002
2094708541
2224325409
2141635417
2217262871
2105905306
2094422934
2172915705
2092597882
2078244417
2123041009
2069898703
2073419001
2248112939
2208422772
2120324289
2291033684
2102638254
2112521064
2120995840
2085718674
2083813372
2230856534
2139598529
2145083550
2086207121
2302474713
2082193887
2098676352
2123776319
2165267712
2135365634
2083906258
2142973235
2228438558
2144839949
2124157209
2228671654
2108761885
2132174021
2231268246
2140282228
2138265301
2173533098
2171656808
2109298485
2212755207
2215140948
2098769655
2090374074
2221011183
2218319971
2261328692
2209929050
2074345657
2086287084
2096344543
2118709164
2132407730
2111265398
2087566864
2239650815
2073971661
2226304695
2080734598
2220898047
2213091359
2208637664
2104230243
2220727306
2274158439
2221819202
2096573912
2083738903
2261125685
2123688216
2219802980
2208190164
2185436824
2186046126
2080571091
2172519314
2218482434
2241356138
2228856041
2160418443
2219412589
2146297133
2175170005
2102791717
2103726161
2140238283
2226422652
2124130127
2231885611
2078552203
2139290285
2083630805
2210948705
2208692428
2216392812
2112931619
2134809297
2069706264
2113657046
2126079775
2240867787
2116313775
2261237352
2162657751
2264050106
2102566426
2110545896
2136506229
2078767808
2133348748
2217107197
2073854415
2175299593
2107300321
2259203121
2218369709
2223313969
2080199483
2079585146
2099365377
2135450035
2209472923
2108447173
2313801426
2097017887
2071674202
2261259098
2223292534
2214779113
2101697696
2146667598
2098443893
2177120761
2107188700
2214626038
2132719678
2136156163
2263389684
2101491548
2135780328
2142569407
2212690991
2110428889
2185549181
2126952229
2247904577
2123454691
2097162610
2108535065
2261283923
2115247765
2127155277
2143759653
2080325463
2098529524
2210618276
2096274306
2171637444
2120477744
2080933613
