2151009043
2055775142
1987634322
2049759642
2122525794
2150725906
2251200946
2131817828
2038422519
2005787107
2003102158
2117672473
2066918273
2160704895
2110076405
1949230401
2005474445
2110912049
2230719125
2143388262
2215871277
2146163569
2141342805
1969028308
2122678555
1936815966
2126902933
2155400672
2151770889
2094344337
2018073827
1960513097
2237838078
2018031912
2151257335
1995921388
1995866051
2001739504
2243763647
2022494436
2219429443
2229924340
2134306035
2153300727
2249662510
2230794539
1999015818
1988940564
1956409091
2130173617
2005574835
2085642311
2017963135
2036822618
2093930394
2131689594
2049580974
2160525136
2275819936
1961360060
1934323523
2237793820
1989389668
2044572675
2117515704
2079825445
2217599608
1977486965
2242788615
2069614903
2007715214
1973270572
2003772475
2253610492
2125846716
2055832834
2042013312
2128013940
2162660074
2219756919
2093717370
2121105811
2129333689
2015845434
1996006630
1957216465
2085239714
2232391979
2143590642
2062861911
2156600713
1993529330
2142135884
2009974054
2230509491
2211072683
2094558691
2038304173
2010116136
2099176847
1968441342
2164880700
1989593637
1996063324
2003709106
1995549651
1956697766
2022408486
2120707645
2235467607
1973384351
1974051567
1952146038
2215941959
2147001585
2109907020
2104660857
2106724007
2230890804
2082281436
2212378849
2123658231
2020887040
2036679583
2061719122
2129412233
2139634572
2055922057
2067083313
2018268449
2150664780
2213759832
2003239411
1934119659
2150821533
1949137373
2015321359
2129515773
1951770017
2130306880
2001594319
2022575174
2217454905
2067168377
2159790895
2128105082
2230584594
2142502899
2101828660
2151132318
2164807822
2161800883
2141523216
2092442577
1959266419
2007891113
1962471364
2091560430
2049702911
2045698635
2003831826
2141402773
2003263510
2038023549
2240077309
2162539277
2005407664
1989555751
1951887680
2001481121
2248469094
2219861138
2020048761
2230012830
2122216735
2096922793
2106078022
1998300233
2127829792
2121260349
2130028195
2249929087
2122417816
1952044761
2022348513
2216073123
2121314748
1972970875
1960446554
2150915731
2238484006
2151992111
2096020283
2143761468
1956141200
1976813798
2141174891
2003615372
2022453559
1973030515
2142009366
1977423896
2116245750
2120993120
1998938072
2161836903
1976686290
2085831642
2132583506
2219671021
2248029152
2217334686
2096094845
1997916495
2018450504
2092337375
2242452155
2010236654
2012662236
2038922532
1987430653
2162194237
2156844941
2144172983
2092027148
2007767993
2155516841
1957398748
2082381055
2056239965
1996162442
2009845452
2134521380
1989432224
2017806502
2225619083
2100886789
2160607015
1949322202
2110168467
1959393798
2155452796
2102210434
1960318430
2228993813
1936946413
2146040660
2229970299
2117853941
1939045708
2210034454
1954401108
2003909790
2099533872
2018137593
1995304234
2121430081
2164361104
2212247311
2056487860
2161912909
2144570027
2141240810
2061800547
2052110686
2129930265
2089437594
2156478734
2096234461
2128257318
2122598710
2092645354
2020106375
2047151854
2010187863
1974113730
2243123624
2003175768
1968705788
1993157056
2001350387
1956571113
2155648064
2010047136
1954081451
2015138473
2051328921
2239193562
1973329068
1993425669
2037961664
1998880064
2005744630
2132413951
1957548916
2143522401
2249611036
2139997375
2069339288
2039119632
2161740350
2012460997
1993215966
2005529057
2134587679
2275760088
2043033117
2209324542
2122272152
1987722416
2005930534
2099423772
2221808691
2099643365
2049410909
2129248793
2186991671
2010160027
2188388494
2160416269
1954135043
1934207491
1989405541
1952940996
2084764079
2211239536
2212114769
2134646876
2105753207
1955203952
2106447592
2224682966
1989491413
2130403535
1993493308
2132999172
1956877794
1993355684
2094444292
2018414717
2069205831
2005655763
2162249389
2093653307
2095968215
2020146705
1953048673
2038182105
2018619886
2064117092
2141918700
2017908953
2151689884
2139531406
2012704821
1975051105
2063964355
2226188485
2135495703
2106801368
1932266803
2022614741
1956479685
2131986860
1968793281
2164212986
2059563209
2144670883
2247870019
2082545980
2141624008
2012560437
2164991719
2245767699
1987501787
2188451862
1987544225
2129590443
2188312239
2162391517
2144474764
2105685609
2251316958
1968912374
2018539268
1949059019
2230268774
1938976639
2238368202
2226111139
2156757886
2145949637
2003200053
1995975840
2164274261
1988876746
2085590508
2143680950
1954473536
2085508129
2216150454
2102339986
2155583490
2051241452
2020990673
2007822285
1962556771
2020795262
2105838792
2275718629
2093781851
1998617317
2001426079
2094887091
2105929617
1971139711
2243647731
2038748709
2001290198
2165607840
2109969747
1957493052
2113356845
2005433705
2221727979
2012387511
1974853484
2017863876
2007672056
2122326536
2249571633
2003060416
1974961576
2165476695
1993068410
2082213287
2001660490
2156691117
2232645894
1960364867
2220091500
2162944932
1959341982
2188220765
1968600964
2101924953
1956186115
2132843472
2211131992
2092137998
2069491838
1951678712
2018217107
2255000184
1995470292
2243190968
2151356730
2121164819
2047093292
2255060280
2134397616
2094673891
2095873321
2104593847
2022546227
2228844252
2003298039
2221661842
2225846923
2015280021
2129767725
2151883645
2104483327
2012499520
2146885651
2015370657
2248147544
2142323551
1998550330
2015216889
2079982917
2018334936
2248331038
2106638009
1999107541
2007618610
2228141325
2000878975
1955326377
2009912493
2142403501
2005619794
2005997781
2001534634
2253886585
2003341218
2132703031
2093567784
2162824201
2253775024
