1898136921
2107036535
1990682549
2255980320
1849405770
2298977521
1707523096
2127478147
2188111182
2310640826
2175620767
2127351645
2173986151
1862579888
2188211626
1741384316
2309796410
2279467407
1647588624
1748083828
2078749630
2106299369
1776166706
2112918388
2189519002
2136218934
1965877506
2321054225
2161173451
2086357016
2156826398
2188404986
1776981051
2135369973
2290130811
1529671426
1885896987
1991447608
1861405794
2067269558
2007278788
1539447334
2175951832
2174020578
1524901929
2192261153
1539920348
1879776114
2113045173
2140585501
2248467174
2128398745
1540039943
1711429882
2187331171
1700010512
2067621554
2170739444
1741776629
1685852771
1534570492
2192632111
1682018578
2137607185
1863579069
1831484152
2076407348
2192366310
1652584742
1761779190
1711349161
2305584071
2106490185
1706002217
1859778098
2075920567
1801707569
2111656582
1777109363
2136181476
2304275988
2160797618
2009150329
2278903177
2174948297
1529619895
1897967417
2067373012
1716086693
2193042829
1994706272
2253828756
2290815360
2109504066
2009299160
2156174585
1881826086
2161112100
1849192426
2315368264
2309575063
1852757490
2154913702
2147311083
2305703768
1527467235
1681218564
2007736672
1647180437
1977359560
1744103143
1741455314
2163194466
1679107370
2059645745
2008894176
1541809335
1660049705
2111614705
1591711408
1710157474
2298805539
2307784805
2137357151
1541959845
2067209114
1853733769
2248771751
1688517578
1673672438
2156043843
1760328452
1745722551
1544240057
2009996622
1764565603
1675875550
1853812261
2309925686
2310421173
2154151444
1977267192
2099772385
2114173358
2290022889
1893875164
2021127590
2007592410
2153760861
2099939395
2052019187
2121665528
1524678883
1988443147
2309674391
2325981099
1590321897
2010160167
1544119312
2187825584
1829128312
2308099491
2317912165
2137724087
1881747884
1745941733
2187471449
1865858065
2317971208
1859468157
2099675799
1680783005
1986106611
2137493454
2052815140
2174862952
2246173187
2193110245
1527516816
2049772946
1700561431
2310574210
1524805559
2125700154
2128320881
1886004395
2159016789
1831357061
2139826218
2292305285
1991472251
1781181120
1859643755
2144325256
2189722541
2192964897
2067520938
1776762356
2169142589
2074364685
1987225884
2106849913
1978963356
2310667099
1983941587
2194875075
2010058053
2304027778
1867937661
2009031456
2305380993
1977526692
2110883336
2154704736
2007649499
2313906375
1862518188
1833914686
1743768504
1899970799
2277052729
1600807818
1881891729
2190806962
2147447852
1524943553
2099856477
1877750159
2083834949
2279045467
2111743625
2156913322
2138521087
2190049911
1864012881
1879721089
2248648882
2085451246
1852890452
2075657129
2312442704
2321664117
1746543570
1854908954
1542090012
1776873068
2067568988
2078655896
2318004904
2308183744
2104243877
1710055657
1762659621
2140646949
1783831823
1864762643
2090137690
1849295012
2298597484
1528747581
2315476277
2083245450
2161220365
1703235823
2292421756
2086442828
1797619489
2159163408
2289899471
1877689903
2190779673
1527416773
2110730794
2193075098
2321798940
2299220330
2292022706
1987138719
2053855155
1539783151
1831777323
2159222595
2188300818
1745553938
2312307854
1711488235
2038840306
2109060263
1877625146
2007783842
1745428124
2290894693
1990781519
2321325227
1707323248
2143045810
2161026697
1831241885
2085656233
2106194029
2170610576
1989231837
1879596768
2139735618
2321507211
2315123113
1524975961
2321947887
2143075594
1777289595
1829269208
1572429642
2315316466
2107306713
2175794976
1777212689
1544749336
1807303877
1702490437
2136264563
1986913864
1539329703
2175521067
2190201449
1762581981
2195000332
2099581890
2187238263
1688232596
2126045356
2305482798
2188592612
2290543488
1900188265
1777359572
1893738688
1977487886
2157074779
1681079776
1528985861
2279434202
2159319994
2127265187
1704730783
2194799307
1712611229
2162426127
2305243183
1834662543
1588493808
2175657730
2154852007
1852848600
1715928091
2138432255
1861499716
1988332822
2121554536
2153558788
2109535110
2192557998
1750789197
2140497871
2192153925
2310518978
1977434576
1987113975
1986250418
1902077825
2147386922
1707252885
1850604160
2038722714
1860622838
1529528836
2111691899
2107343591
1702721015
2315259141
1676027312
2078719173
2152528641
2175874900
2115515279
1896052398
1761871809
2014583358
2187411596
1760488136
1859542969
2290639047
1859928843
1705886641
1865763379
2126118165
2159280733
2154807592
2069230592
1682066259
2248572186
1988543587
1705799425
2069332238
2156274124
2256127125
1987196491
1681840630
1529818957
1709910062
2188567555
1852858959
2190302371
2115455593
1994611858
1991430163
1764392336
2111460871
2279411380
1883893294
2312524726
2307947216
2135438459
2051431703
2074300522
2245992229
1877556847
1539646919
1900065373
2279508943
2083351193
2189603459
2187689027
1741651488
2323396323
1852639009
1984122579
2160690281
1776239868
2052886178
2155923638
2307658637
2290311169
2106767448
1746203780
1580561076
2170811970
2067328580
2298718949
2154049127
2304199508
1990562628
2290443001
1540673704
1708460506
1529907109
2292179151
2153662942
1834079891
2147186259
1846907132
2010115503
1680917442
1852794043
1780741988
1779735406
2083740372
2276976177
1857086198
2106892546
2323311163
2052656729
2075528448
1681934479
2083130482
2009542894
2019249902
1779222773
1988249865
2256326166
2192762672
1889640715
1577758189
1580129062
2048904331
1868053635
2138474707
1860656029
2069084980
2128471909
2171510720
2052716718
2193016600
2114122407
2127658775
1964131271
2290732333
2135279052
1741287211
1849633827
2190472758
