2206637212
2269816855
2296249069
1909411053
1856027918
2237796042
2172690796
2236645417
1884033610
2231394266
2300606969
1809062955
1797702048
2301542468
1851319775
2242354500
2232850325
2250210652
1816084589
2262497281
1830924160
2323544319
2318829499
2236353227
2260375754
2298263068
2250093131
1828453121
2213570483
2228588241
2271589347
2272182086
2238208202
2276802952
2300791196
2226659164
1885573989
2325522907
2226332557
2222552289
2213813109
1909054340
2017002908
2013974778
2297931294
2230772532
2172354566
1851249177
1893456321
2217098995
2230841970
2170493428
2247756363
2175291363
2216209516
2285974025
2237810264
1879319646
1952569252
2247670625
2238058558
1797130567
2230335006
2237988957
1854090905
1820717078
2242609201
2253472429
2120385192
1848962606
2264732649
2253321749
2217362904
1885517426
2216426057
2077346764
1882279443
2162703278
1874725922
1797195674
2222036904
1811143773
1797562642
1799002696
1893339172
2224259008
2296653869
2175559292
2266960331
2321460705
2255345904
2222215648
2233231178
2222648465
2170380947
2213888891
2264848966
2319167872
2323291845
2247604045
2276713205
1881811690
2162896249
2267474813
2072917805
1841438774
1875526669
1875680322
2297838949
1790142493
2272000904
1851595081
2120750990
2209434141
1865670570
2099138593
1909532343
1952896711
2168014990
2216571353
1782397756
2325373815
1841538943
2303041710
2214246661
2228142074
2225959055
2170657251
2236491783
2206949247
2016669843
2073193991
2172463075
1797408745
2232761705
2236226015
1828524422
2247845277
2214373838
1773564361
2226096374
1782705791
2213622549
2245113470
2300689857
1820535403
2272546928
2274615496
1884272717
2323218456
2243039141
2325748345
2299046605
2224191740
2233440879
1799118387
2230522360
2318765374
2298188356
1897782592
2298892552
1782316011
2273689332
2242735436
2298060798
1817849356
2070776904
2206773811
2172547861
2162585845
2326123398
2237881471
2242553330
2231041343
1784685391
1828786339
2277824812
2300522758
2318915075
2224360553
2267325839
1790013808
1883835153
1882064827
1884159564
1794870705
2099011674
2072986151
1794947490
2233568951
2303388356
2228699056
2321093068
2245261070
2167852035
2070926507
1865452875
1830858510
2230919089
1863576201
2168121198
2242796725
2016902583
2321342818
1851096503
2247464299
2170787257
2233667727
1952450868
1844771285
2277883183
1879271403
2247396082
2294292015
1879537238
2206705107
2170901318
2213974472
2245356529
1909327300
2216312723
2169965525
2171284912
1795168122
2174929310
2274073117
2162488314
2172789158
1782630331
2209551282
1784594041
1844551380
2264635992
2077242672
1782531766
1867716353
2233784886
2160309786
2242382375
1782467249
1795224634
2278019918
2164811744
2226041922
1853865631
1799206422
1841794127
2241086002
1831004761
2165242373
2264525166
2320985326
2246273491
1881457919
1792822927
2016793181
2303291857
1853988964
2171099102
2321258254
2237003957
2296039697
2325662444
1875829784
2326001282
2073069026
2070859234
1811345527
2318981832
1795017028
2228259563
1867629842
2167742216
2091547974
2274187487
2234142953
1879384339
2223677017
2223807256
1863481642
1794805533
2246074318
1817768396
2223742272
2272421999
1811193689
2301459003
2325452745
2274458661
2235769945
1867508778
2160514091
2223639322
1790232590
1855945867
2237843600
2167295742
2091615178
2242962839
2222134907
2217242544
2278594153
1851711287
2230414262
2323436950
2255453884
2231207428
2164321021
1820652173
1883912419
2240947414
1790418344
2216687484
2175127452
1867564487
2245917240
2222419383
1893391415
2226234481
1784362264
1789786464
2236732648
1798950937
2207276010
2272318831
2234018889
2167451977
1801210703
1909124011
2165388529
2226151126
2216839501
1854256359
2302960773
2321571696
2267200316
2207553484
1844443491
2272092584
2209041305
2171194808
2301639475
1856148801
2238108322
1879616457
1865534031
2231132128
2269577080
2224020726
2233928587
2224134990
1848741433
2280400601
2245182466
2209157251
2091351446
2167580353
2165102096
2228223877
1879436461
1909207877
1792719103
2237942070
2260484684
2011394397
1801131780
2077171787
2160618974
2014134473
2323743912
2228347322
2296099124
2170065349
2274284396
1831061368
2207134349
1784511333
1848858273
2248190892
2269447093
1815983624
2168274661
1811268973
1799036729
2216949474
1820397586
2091442010
2175422960
1849308368
2302834289
2228903067
2273645910
2302880097
2278692982
2160106510
1841682269
2264958522
1784746567
2170207843
2160226096
2170299211
2222493482
1851167107
1863685153
2214117052
1844906930
2273802413
2294192356
1849475698
2247339643
2247509100
2246168447
2296497549
1844323018
2309351128
1790543962
2160418446
1817937054
2091280542
1874975504
2206844002
2229014605
1817712686
1784803885
2207398745
2120588943
2224448043
2271659871
2228444964
2265035413
2072826113
2209347162
2164970197
2286148839
2248058040
2226564409
1882202480
2242508491
2223927247
2273592151
2236868616
2264423849
2222301159
2307638737
2323857552
2165550137
2171026661
1899587308
2242681775
2303493199
2014264112
2175007585
2228805897
2213719302
1881589594
1818031162
2293902984
1849195327
1881923080
1952749468
2309441285
2269199094
2267055578
2098875340
1874826669
2206563119
2280525417
2275783410
2298751782
1849373721
2298622633
2262639598
2309535648
2294411727
2209250343
2276568902
1828704357
1828580551
2300870856
1881540585
2278185879
2233078393
2296355805
2242454980
2294069055
2226455443
2070656952
2120470880
1849041678
2011571301
2273870573
1851516631
1801407418
2242868913
2223859659
1792624318
2226745999
1784429456
2319072002
2325844256
