1526230117
1991281157
2121635359
1617662678
2169377667
983432141
2168623133
714345693
1157522268
2160100724
698883455
1330911669
2024719245
1965363150
2193318436
1152569135
1961554224
1165732247
693407862
1653001620
1531776028
1862436041
2177103071
1860193526
1669616507
839436108
1989346677
2111595333
2070031052
770751678
1530501460
1576086726
2173304361
2177677936
1960814009
1963061260
1963208598
1664243530
1989625958
1155130302
1961292983
986933016
1165681267
1989544708
1504966171
699088351
2187389648
769083280
1012617216
702611809
2126119132
2130554723
1595462132
2052000321
1661837524
2067683794
740024593
1860637065
1850518122
1993517438
698907507
1961398196
1991805195
741884868
721512488
2126168378
714313260
1659093289
702516540
1596461139
702475929
1390823446
1150936757
2052954376
749321096
772342935
1862644093
1860489455
698976659
1498325786
2175295668
767701332
1963465757
1669718090
678837844
1576725108
2067556930
1820830097
1576892345
1996073151
1993859732
1965430699
989562814
2191030999
2072373215
983477939
1960574032
698937563
1869157334
1993780848
1842166412
1528177590
2176997548
1533227760
1576317322
884489205
1330843367
2163856124
1845850803
747484833
1011280388
1530430467
698789953
2052789583
2194902333
1687738171
1693085841
767526136
1527892195
888540463
2111406152
907578294
1011213053
1993611437
2169260450
1859603508
2180437401
998836226
1690361180
1960613228
1685509043
674866597
695458221
1388991117
990453684
1989466436
2189668544
2193867622
1580294866
884386680
2168903672
2160266627
2163810001
2173466477
1860393949
1581874805
2067612358
986997313
698768380
2077774939
1989385342
1500176930
837458278
695594751
782384647
994256826
2187285475
769287352
741819585
2163731432
1527964533
1621709117
680927171
2173160315
1527687012
678806652
1839442397
741915871
1692247993
678919719
1330994353
921065276
2104859750
924928427
1686972131
2169325019
2052269227
2177540257
1576534874
700710250
782192620
2174839607
2186661432
2175844891
745647675
1655614698
1658202026
2072413152
1152532217
2181926854
2104731680
770652491
1620131803
2166661621
1661718503
674888527
2104606992
714391122
2163885047
699158368
1152477160
1839146038
704564233
1860584695
2179962648
1821047601
704533967
833877957
1578854110
2184170821
1661187069
1153507589
1860544241
699047188
1862518188
2126063409
2173734995
1839236086
2193421461
2173630136
1658282605
1845739685
739989328
2072345877
1459435955
1533417291
1998623553
2168267918
1526142907
715220297
1659176280
1011343018
769161952
1844794854
2104792509
2052887592
1587168554
1617698377
1860665706
2163779086
1508543362
1989266551
680898380
2052401963
1527675152
989600801
1155176672
2189420562
714262445
749502853
2074016842
678874722
2111466240
1503016929
2012158328
2174859601
1848120725
2172918386
680865166
1621064342
2168803795
2163252848
2194806884
1622625258
1869196202
2190987415
2182051629
1462945923
2169424378
2130680487
1656476419
745508455
2178062811
1993679889
767456280
1503273878
1862582825
2161335459
1665988452
2095284102
2174883754
749410863
1330745203
2160179075
1163482010
741791835
1497716890
1845433669
1155096651
679042530
741843025
1839338636
1989585001
2070076577
1653177681
743708736
1157582753
1842277557
1685329454
1689605456
2121575093
2183737640
2180557142
700678356
1653366577
1848063534
715163270
1012733091
1620231992
768819456
782224347
2126014827
2163570065
1991666013
1991187373
1682304320
1581765046
747521961
1163434508
2121694359
745556478
1820932893
680755456
702429567
2166627473
2024767220
2175939751
2187217202
1157467912
1692066214
1158676496
1655389902
2064726144
693316963
2179313142
1670786617
2064665576
2186702654
2126223356
712349428
2177396333
1989411257
2166714863
1155054487
1690536996
2177908625
700807008
1581737482
769428118
2069063360
2158594138
2071639933
1847875288
2193510882
1507478640
2074177275
2176852835
2191116216
1974769604
1995872103
767300227
1961718796
737888789
743683676
1860318658
1594136561
2173015595
1582358566
1998830445
1527700630
1869217980
1993486941
833855806
1851724132
833916726
1527825825
1012039643
1582053502
680954058
680808731
1527760434
1592680955
1620085392
837288956
1584253525
743661559
699009835
2163682477
684451982
2162245071
2069230592
1989117416
1528202930
1580201263
2180669342
1993814875
1850631167
700603269
1582484788
1991737599
1497547581
1152406887
1995975840
1996144352
1664315232
2012287108
2178188605
770978831
2189578545
1520550229
1592799102
1846932918
678980306
747449801
1842443709
1500293499
1498088371
989664520
1848185680
2184268704
837399810
2052850502
2095238856
2168712516
884441993
2052508564
1330771574
782291928
1579006170
2198594889
2075355857
1590168778
1842806268
2180335290
2188046117
2095341119
1692942494
844963829
2168352910
680783359
1847936819
749470770
2189777228
2073934201
2180265280
693766623
1993728916
2072465477
1620269220
2166551406
1582193838
1661604476
1845806367
747394046
1656363048
2186735664
1655519200
1500431303
2186885906
1661088268
686353011
771093543
2186601552
837515060
1523058815
1656290669
2177300651
2168457744
700526549
1844891572
2111532209
749435528
2186837750
1669675236
1616694274
2158690903
2195029820
2069972793
845106162
2175722065
2187147451
1520983829
1497850772
771160983
1850560398
1577597937
889794215
749360732
2181778729
1576195804
2052175858
2000576900
1526054128
700742874
680831259
2161378963
1670811073
1993643701
745582893
837345567
