2152698743
2127119536
2028018886
2240861071
2107216515
2296007141
2041858627
2322423396
2315484239
2175466459
2307935842
2054470696
2165111884
2224868236
2058470057
2169448096
2134920294
2246293770
2175166200
2120735056
2246455011
2287999477
2169958355
2059421598
2065812843
2321336949
2094344051
2027454659
2155102877
2177486457
2056219403
2234625938
2173216186
2224522396
2321097623
2234530296
2139664947
2158300147
2119699004
2090718213
2220078912
2204293437
2287835753
2165527001
2170079420
2157915993
2213889479
2172187675
2274118743
2139582595
2289647299
2138311225
2314067446
2136414972
2152843753
2215549048
2038430949
2231771798
2217069533
2209708695
2116962082
2172383333
2252166457
2294006526
2321219346
2145609897
2032746642
2241520916
2082438832
2027808692
2169581826
2255739365
2082218805
2174995714
2153535542
2108799157
2275113870
2152790522
2026134101
2214140141
2220270835
2085849095
2170310336
2085089108
2172951506
2025805003
2278495463
2251170009
2307176031
2165015982
2323441993
2293853651
2153643846
2127740457
2254676232
2219956185
2116752534
2139506881
2027900251
2236830870
2320991321
2258072456
2116345145
2275244328
2094019532
2038712106
2259969490
2032859519
2134685812
2127257621
2306282678
2153731016
2082364151
2097023168
2215272775
2269441705
2112715778
2119517735
2080214010
2108731037
2224958823
2122720698
2054545265
2094587688
2094487244
2117030970
2257961920
2042173859
2326498348
2117144646
2105829567
2026216120
2139259493
2172663435
2301529353
2031022932
2033749768
2145667323
2167872937
2291315012
2306329235
2257776745
2125023769
2309258531
2289743731
2325504123
2125218462
2050281496
2145531323
2294829313
2134253602
2237071904
2257865632
2065885618
2022879958
2162081246
2175265469
2109580869
2165387427
2082544574
2157996274
2126205771
2289578805
2134373496
2273224861
2326430683
2222118990
2068838056
2305179418
2116480000
2292167328
2172542078
2236695247
2162262119
2237197548
2323124234
2204668244
2125102260
2048788632
2291429506
2323256433
2296676143
2122934129
2056618304
2043247890
2119576567
2085362037
2022835207
2204468052
2172727710
2170395258
2056168204
2222430902
2175570625
2311836315
2109490254
2164887935
2319200982
2292859200
2140720907
2168035715
2263371239
2169395100
2324437781
2279313725
2026005912
2079926607
2097121598
2068623121
2292916720
2309344216
2158229623
2149847325
2086259607
2138513104
2172322608
2266751090
2203093255
2241369723
2305105386
2204576340
2032976973
2139141599
2025702142
2043435787
2171602203
2107419122
2080420430
2278676399
2139388852
2301443565
2171664410
2118455407
2304272135
2140682933
2042417230
2211697495
2309710122
2252496636
2152741867
2142129248
2221152100
2027730393
2082728738
2254707267
2177020998
2155065086
2170465393
2285620713
2074447924
2222207539
2074492981
2161920258
2273073382
2252221440
2061778501
2118603740
2305318851
2153820846
2233884499
2136588930
2028669230
2086319523
2163283387
2298597484
2273185874
2245863044
2278272640
2162338553
2215517042
2274356559
2254777563
2210216085
2116577158
2294743820
2056500619
2213972727
2280623634
2056362976
2248154964
2255896936
2027572237
2211816236
2307259129
2116933688
2301395630
2223165431
2042125277
2142008463
2210132884
2065966010
2260822490
2021411473
2067218374
2080305205
2038845639
2152430295
2169524510
2171531295
2202923600
2278355329
2027388599
2311649618
2216909325
2218288058
2293921132
2204373215
2054379879
2285461585
2126162941
2172246629
2324585088
2261203439
2036791849
2096774724
2119473248
2068539508
2218348414
2231890766
2273147056
2105730637
2049016132
2025605097
2108919710
2050234793
2028320177
2203655713
2056448548
2119744910
2125324313
2173307218
2203517823
2175385545
2323518856
2175074134
2116853484
2244123069
2096553668
2276262164
2117064461
2241275660
2267036925
2158057307
2304097824
2319030092
2105658448
2061450244
2105971567
2091957534
2141633527
2263190840
2233144932
2252277561
2313984459
2140835815
2274207749
2210013945
2205029655
2177219824
2157806836
2043367549
2061234946
2079830957
2158422237
2267640013
2172474909
2224767099
2251302525
2325569805
2252411234
2318943205
2065723446
2092104306
2241175731
2305237665
2231950627
2295250499
2119436122
2094668281
2296222007
2222042845
2107258083
2038588536
2224631697
2105587324
2077817073
2119654124
2224400257
2297159836
2030907070
2294877566
2122854465
2165741355
2306413250
2140760599
2141590552
2158115362
2134589968
2210371718
2027652254
2212289032
2169865721
2059506510
2221125712
2163182209
2067056545
2252341707
2134806999
2324494604
2027494200
2209625106
2126116976
2021475008
2067133878
2022774530
2309472963
2221178285
2261898378
2140642845
2203555409
2086015477
2120603308
2138582504
2119609089
2085732244
2050321033
2157842972
2232004730
2096902698
2174887673
2116665486
2248423462
2325341385
2211637364
2022940467
2162006282
2105901899
2203463267
2261237352
2174825670
2214067989
2313039909
2136499204
2266829939
2141532700
2306465727
2295299153
2236471145
2293808614
2231805556
2127357114
2094253378
2056685351
2159909637
2236598217
2054635076
2028163495
2068728181
2109557213
2085631568
2264056482
2322401845
2173119288
2292960135
2165258518
2323340492
2237145867
2140797161
2109452002
2279224192
2311531979
2043815258
2127845642
2170218443
2032544150
2244021545
2107450949
2027318804
2295187832
2254817832
2058552886
2136451299
2032630019
2324528011
2291376883
2325435404
2212125855
2094127166
2205178576
2077701620
2112800796
2080579650
2210276566
2307418304
2172850590
2085562153
2041724357
2127456683
2118320662
2066916632
