2260345038
2233239303
2274562692
2252387493
2218756085
2196225178
2274355222
2272468395
2204273842
2325106966
2298528391
2296287002
2224096614
2289702165
2235426369
2262323318
2197272574
2289976577
2224175941
2238912568
2252441405
2243392517
2243285658
2231042099
2224025681
2282320211
2314368389
2278447670
2221327039
2190069716
2293355553
2217813889
2313926328
2287968647
2301383417
2283572877
2266178549
2238642582
2225003249
2276360301
2269987872
2226647425
2283340732
2258108683
2296721853
2280575665
2222520631
2252765967
2240591461
2214526345
2214190370
2220201120
2303158148
2204585398
2242681208
2236698244
2202840012
2240336804
2255853217
2247846434
2291786408
2303334802
2224742478
2289266606
2220775936
2241493388
2199650675
2278183859
2204411656
2221468855
2225942332
2253557100
2285373624
2269872539
2268930996
2279869740
2260479156
2262021327
2232968468
2293247465
2293295624
2289412172
2239252654
2295891931
2237335423
2270127917
2213679132
2230924481
2309343046
2256121104
2189925732
2286312042
2285583813
2285933706
2274070395
2222104861
2214672087
2198518037
2314038860
2217908924
2222446050
2282959728
2247938599
2292266363
2220311162
2224837724
2202139461
2227754161
2245461482
2257400452
2253934917
2274664353
2243469461
2287383166
2259928723
2218050227
2228608493
2234539285
2233340012
2211149150
2250688630
2220087446
2311489113
2215809939
2222188374
2221506090
2303473916
2289761932
2209825628
2290490205
2199464243
2243080554
2245758976
2265154783
2273693419
2198733260
2204785819
2209161473
2217555768
2251073471
2196291686
2214069773
2283429032
2289358173
2234262273
2196427244
2266313469
2305307473
2301297611
2262594684
2236848568
2307007149
2301514666
2219045725
2204917616
2298727073
2272265000
2245845268
2291838527
2241383611
2224919699
2300483801
2210246342
2257915915
2300596169
2228734544
2281117794
2314613263
2290153214
2236450363
2280001282
2255095796
2250038707
2260023704
2214292479
2272001926
2265043670
2238140101
2278732298
2262219325
2292499773
2288479902
2221623709
2288171778
2229014236
2300390917
2296097605
2250228998
2232469892
2299063117
2276142491
2228510011
2293601293
2213913490
2216691328
2266726439
2219658506
2217663949
2265367944
2227207315
2273756688
2211396678
2240752024
2280688382
2249882431
2199304784
2197132198
2280048251
2217283874
2223521782
2305086709
2250843966
2260587583
2245372099
2325180763
2278831360
2292397013
2242755424
2196669792
2314245047
2240862194
2257286010
2233853411
2314464272
2236042602
2221801257
2266223801
2298251687
2296430695
2278292450
2271853009
2226166345
2282408190
2238538130
2269535558
2282471389
2238199701
2276251377
2309596471
2211440900
2233563740
2290297906
2207822942
2288640797
2287690379
2289326334
2274164609
2311682017
2295951683
2253759623
2262470838
2255947717
2210129081
2226552552
2222591720
2276443037
2280332578
2260101472
2240280927
2233730504
2286052340
2273986641
2283199894
2230763570
2303247405
2235813962
2219816774
2224378522
2276761623
2235630655
2221909066
2211502588
2289566860
2222006384
2243567154
2211991556
2200006507
2285495454
2260198604
2280173756
2282825564
2205040909
2249773871
2228442695
2224592062
2211790571
2278105825
2311582838
2257615083
2288396716
2256025260
2230654490
2303070984
2203895705
2298817020
2230059740
2248168581
2290398937
2269422534
2287336887
2237399772
2233467798
2226861644
2264206284
2291623139
2250934217
2286203338
2241069544
2287501390
2199834457
2255745561
2242989478
2291905112
2276030173
2219965392
2292143074
2223577940
2255400471
2257187014
2245565197
2196951659
2264283342
2231275347
2226447438
2276602455
2256277991
2287433452
2224497148
2220448222
2279937160
2282145050
2245133142
2309413147
2240476431
2222328896
2259790832
2254045476
2239106074
2307146696
2296547826
2224263451
2219165740
2230574855
2252514934
2274449390
2305413294
2309524128
2205194693
2221386192
2211657947
2252992523
2261953209
2239434622
2215997195
2290736999
2243157179
2235523520
2240974215
2282660789
2314741179
2275951235
2264803223
2202712100
2285733221
2247754531
2248329906
2250464291
2264651617
2255685253
2196091545
2298926627
2226765917
2202419447
2252701446
2202561194
2223828676
2219517439
2217136671
2209229853
2196552678
2280798248
2241179475
2273645910
2291506575
2253287042
2234441396
2231182094
2251157712
2305239657
2240382781
2216776726
2215912481
2257694065
2209958857
2252602841
2238455611
2253376773
2281032059
2209687782
2245656032
2280450035
2289463866
2226262401
2216867887
2248025533
2238020455
2291408335
2265265636
2255461719
2228369131
2269079369
2220531673
2259861467
2258241580
2213519108
2204107376
2261718840
2237260782
2291559539
2241266037
2228840155
2238790507
2257819807
2242868817
2288557976
2287884669
2255160461
2239334239
2280910990
2272135149
2218973764
2246001534
2273915263
2189777228
2273491411
2283081322
2233160949
2198631655
2262131209
2288278435
2271917067
2236164914
2282223260
2278628140
2292005943
2216969426
2272599807
2291460242
2219308166
2301661318
2264431063
2232574169
2272375435
2305173786
2226348400
2282728511
2293403266
2236308611
2287829425
2221710234
2226986923
2289905131
2217982271
2314149048
2221564493
2276893774
2253171783
2221241587
2247683133
2234081200
2211063857
2225862735
2269642019
2217417012
2274240074
2311811266
2231408924
2304923525
2255591942
2209543482
2242454980
2298396003
2212185559
2264950693
2288070640
2227701746
2280243763
2250578261
2236945369
2202312841
2214002334
2241559941
2278535513
2264544538
2289836998
2221287029
2214411440
2211901317
2290061979
2269767777
