2313073331
2172314145
2242694105
2281153666
2237006534
2215579987
2274355222
2214347377
2240877012
2241772401
2242895723
2241388211
2209555063
2212195614
2280400601
2243279083
2274562692
2224175941
2239279775
2214647943
2203025425
2210782176
2293821763
2200437494
2280789838
2241672846
2279220154
2230584687
2288373099
2243183818
2231954943
2224025681
2209916676
2287770601
2279074641
2220270244
2238772280
2230801116
2233738570
2248729389
2254036449
2293883440
2184932267
2216558615
2292415219
2317280249
2292506547
2294165949
2317493737
2316786874
2311529262
2289897699
2231861495
2278201520
2094203000
2274165766
2286225786
2237263974
2210611287
2278893524
2291915295
2212305945
2245631047
2228837275
2228565464
2248280309
2312668479
2264338513
2243811464
2187336126
2253332056
2289792203
2205030830
2276722562
2250905898
2227060775
2226142682
2280320110
2172496836
2234202188
2196243451
2278535266
2274253640
2312328993
2224710861
2214752511
2255853217
2236811032
2289542241
2202817471
2234732455
2205513901
2204801371
2236212930
2186812095
2208128681
2228693464
2238033696
2313943166
2231603426
2200098401
2228307244
2222600778
2186869728
2221426781
2222269250
2231475595
2223965316
2288070483
2274000026
2205321569
2190029074
2250363080
2216130219
2274664353
2293959790
2312844776
2187477079
2234110855
2205712537
2238441639
2205251329
2317614229
2210400011
2216446324
2309362538
2262563412
2310174815
2189097618
2187556224
2172415050
2294363781
2279140840
2185239534
2204314006
2243957775
2280901408
2241081687
2236089436
2243104133
2237089367
2210970135
2226943448
2234402251
2240938880
2234019700
2200824959
2267380891
2215954375
2314535152
2226568800
2317396324
2209460405
2222104846
2216802823
2228418197
2238243869
2221924508
2287868026
2202568031
2226861659
2255629351
2173706232
2200713682
2274753756
2248461730
2283535962
2283318354
2227182818
2312760720
2290153214
2286529590
2210882459
2240994750
2247791941
2202730958
2246031919
2244067957
2253926124
2219907006
2187253820
2215802860
2248872718
2288171778
2278718791
2196854268
2314169134
2219658506
2316664919
2279008894
2262462763
2214538240
2207612464
2233612661
2216905117
2236621008
2220053210
2216369827
2274444041
2204395290
2276447138
2243694398
2247938810
2185356945
2215610316
2294243140
2250829879
2219308166
2262710157
2314447658
2234992269
2278292450
2234947598
2236913637
2221534257
2260565566
2283454225
2218611133
2238168343
2094473481
2266692795
2208325422
2214097208
2189352641
2226715119
2276200843
2210173314
2218821236
2264525166
2292691790
2253627304
2216242971
2276532732
2232042574
2234812118
2224262964
2189850392
2211666068
2258284605
2231170457
2228996444
2185591121
2290510640
2226238329
2230924481
2224574607
2278820474
2250595329
2275959233
2207932191
2259880567
2292127579
2251315920
2255446641
2257619925
2281274681
2255736828
2285495454
2265051134
2245882715
2251074187
2285775769
2258399468
2224439827
2312974788
2276905560
2258144720
2215644543
2209627490
2241221399
2312910367
2212088233
2312059563
2222016019
2200571304
2218741597
2312175514
2282723601
2313017246
2264924076
2274978554
2276642918
2260680291
2253222991
2248602229
2215692098
2267241938
2274102700
2200355784
2313053887
2219165740
2289967045
2214217814
2255524976
2202271782
2254144011
2185120611
2274825795
2209762530
2211958036
2250713915
2280540056
2216041502
2274903550
2287670489
2286083620
2200190532
2314321506
2242635974
2210045799
2219803960
2253787689
2210516037
2276839581
2217014500
2252997853
2231749160
2174725693
2242575408
2219566571
2094337946
2253156332
2278613362
2285593120
2189713092
2278447670
2276283163
2187128865
2196128674
2316882036
2204492935
2253496114
2251168967
2210723786
2177396333
2262340446
2208401707
2234287829
2221841652
2212671062
2224826128
2200766649
2278116293
2209694923
2199934831
2243570736
2167059809
2251414433
2196748380
2283643092
2238111039
2273919261
2231335178
2242769948
2264803223
2262015592
2262201415
2245338384
2221369882
2313147023
2242974409
2202431186
2208255729
2264651617
2219081428
2260155816
2266788655
2291821184
2189243606
2202912641
2267667684
2288000818
2211752880
2210848351
2189954594
2262121596
2215503951
2292625617
2276040312
2203111822
2314049113
2196576696
2224931899
2218945405
2189158194
2316984142
2288283385
2094585756
2208046556
2282932278
2285879686
2294001523
2212586953
2316591074
2196458575
2264433793
2186939518
2189403994
2290384813
2184825203
2238944833
2215889876
2260466908
2243475043
2311881587
2234893134
2264202196
2205641084
2257889977
2187669650
2257688890
2267160474
2241483181
2288472606
2305170190
2266906107
2226441397
2242834014
2189578260
2204623169
2259987570
2231048143
2211859303
2190136207
2210270542
2224088830
2186978355
2210919959
2248033781
2187778932
2197183272
2218545147
2219477189
2283081322
2211011152
2233361771
2230695518
2285989012
2286435418
2255958029
2243377408
2283225330
2233884871
2286633658
2207773908
2187035664
2317134067
2282817652
2221598173
2224343328
2241610547
2283748516
2239155255
2236415766
2094036987
2200651640
2309441285
2213854518
2166970525
2260327768
2226318615
2197027597
2311648990
2276110481
2294083621
2281012735
2229135392
2309535648
2285676594
2221656793
2213984358
2292231196
2311754263
2280668067
2218674146
2267503207
2247683133
2262811322
2290302853
2290066932
2174656930
2185499205
2245530334
2189477078
2202120720
2245753461
2196341148
2236346731
2267575590
2212410477
2267038017
2222676183
2245416429
2248183362
2240780177
2257813058
2238311095
2216682740
2222435759
2292037750
