1761201089
1778667978
1987704531
1972070726
1818387063
2062614513
1792633684
2036309806
1704603686
2040850715
1986293763
1740272018
1885685632
2025109945
2000574372
1780452213
1767072316
1728340911
1758711589
1749747282
2069661552
1833633345
1749890656
1860581494
1701870752
2020629821
1897476453
2187843593
1868310192
1736562345
1778518445
1758567783
1731179801
2020465695
1745281389
1778052458
2056303686
2010489111
1740154342
1801213815
2194591566
1736676496
1716151007
1895345414
1954707022
1803887268
1769000197
2051336470
1869723066
1813292276
1863174995
2079554885
1885624935
1739441945
1730887030
1868953176
1781157668
2075154105
1834044251
1958235163
2079623881
1750759897
2068625169
1800941820
2323918590
1862073219
1766150162
2070960282
1989732026
2070403173
1770995367
1766830366
1989006683
1941249223
1747253230
1768818461
1799923918
1726294947
2072602696
1723735417
1958298294
1774604752
2062667505
2001480885
2062715506
1778132157
1809366008
2313745175
1922623854
1990045093
2025357103
1778782233
1764066890
2027728019
1989069873
1828782551
1973180192
2009766247
1726533467
1956405892
1833937132
2060903901
1736833483
1766066808
1742318711
2179198114
1761420208
1771273654
1734140774
1877358592
1794775261
1866905700
1881453074
1761745250
1782803521
2305041848
1967964403
1767950166
1713105655
1863119626
1714653339
2053532443
1845045853
1827690304
2059110981
1815772744
1863047476
2051197283
1928386112
2050810534
2060582111
2058976219
1739947987
1946789152
1802931359
1710140287
1767178110
2005905634
1782229305
1859154866
1780529216
1808937417
1808991652
2025292219
2053425155
1728621085
1747853850
1747701588
1989890135
1728239371
1749956172
1942968807
1782170323
1849110315
2327151706
1809203407
1736752007
1739584663
1818172147
1877471524
1865790824
1868105457
1813667695
1794827359
1836129005
1826126345
2321094546
1751529640
1860521105
1815464270
1818076611
1726404246
1750023749
1745501928
1868651012
2062779398
1751407213
1741583765
2027822414
1748181751
1813765938
1770894138
1741503998
1899789431
2010562344
1947394924
1816805928
2323747274
1746329544
1776050507
1740807188
1849036749
1722900537
1731585014
2040639131
1780321704
1987434308
1797295437
1776122109
1763725380
1803632981
2019061709
1797705712
1739390867
1798283237
2015854457
1830209144
1994285522
1739509973
1751308833
2068409825
1775937999
1784910595
1776851359
1742787257
1715240844
1870135248
1899674493
1769589397
1696848085
2037910570
1833852865
1776635172
1816067121
1787061142
1922731382
1742395480
1784684561
1771021019
2221531221
1734386326
2059391849
1782716476
1756919769
2010740042
2063380158
1958362904
2061557624
1806944606
1828895974
2027655591
1739699342
2053329612
1729085731
1781014637
2055951875
1848937620
2018703451
1710338442
2071832094
1954338631
1785042196
1825219021
1909065148
2071712671
1784489736
2193517466
1816164730
1749839604
1704516507
1784754696
1828998917
2063488969
1728381024
1739843569
1811044509
1811400984
1994358488
2050873981
1731017605
1810881834
1845217340
2002094701
1879757507
1721234370
1790512302
1809135644
1879836113
2046081842
2193462179
2045997178
1723888945
1949614655
1833728790
1765849028
1809966702
1790696975
1867747643
2327069851
2056142860
1811476316
1850296460
1795289818
1760097991
1848880232
1696900453
2009611769
2059513939
1845313882
2040937761
1761521156
1885743813
1845095277
2038152907
1972233178
1717678997
1777990094
1944838243
1792914938
2233134516
2018222185
2059221994
1802810188
2072669661
1723984675
1776283228
1750496590
1702401741
1753185786
1784296986
1784586479
1899556135
1784366073
2055643932
1813590037
1825112126
1740634049
1868008008
2061300779
1815531739
1794615420
1877615494
1852060590
2051071308
1808896505
1946839028
1717611071
1839183849
1751002920
2038041396
1801149065
1899937392
1874932329
1728842696
2008518523
1790425230
1753049579
1779666536
1781473153
1801083310
1811624281
1796943368
1780814232
1758903789
1768620917
1797181202
1731270565
1745385180
1803746550
1781301729
2050943878
1845419611
2000685012
1799688792
1836254384
1730950473
1818260793
2115208908
2068486338
1740040664
1802871508
1742633267
1811323178
1748067389
2000440545
1989820689
2193605578
1709999584
1780670520
1797007377
1750409096
1774738121
1858760678
1728695638
2035833764
1712627277
1765725134
1718347552
2068344990
1885836404
1728170367
2010655390
1867551169
1771173671
2013552363
1715360286
1810936062
1747300518
1712938858
1899843357
1779561480
1785227329
2013442611
1954847400
1944664201
2063591325
2320976046
1867652914
2038273497
1744884628
2018293751
1774853190
1816360125
1782645002
1794675909
1879338719
1728290369
2001375776
1989984737
1760299936
1745018667
1751161396
2058019924
2075251308
1745144813
2016365718
1723525266
1784841025
1696978851
2025199158
1761109999
1714721174
1715529049
1747944257
1758638080
1799800500
2020528615
2008649469
1765973130
2040740462
1901893218
1874844547
1944750616
2037835190
2001422937
2254005905
1809065198
1699623872
1763863019
1761608707
1767851350
1899606344
1816477549
1766973076
1750185559
1888791931
2043281402
1967567578
1863237544
1759987949
1750293499
1833483399
1924778056
2058078739
1778187052
1897400152
1778448796
2005813102
2019167135
1808172965
1758802772
1816880218
1988333989
1813394425
1972155306
1901704585
1779720767
1877279244
2018572079
1792558188
2061023561
1869661602
2224135096
1737495151
2018647523
1770770258
2056051815
1800998690
1849505012
1888434505
1728993388
1808035295
2061446953
1809282330
1731385069
2304988237
1752926050
1881513999
1734241824
2036434288
