2313073331
2264230736
1792707200
2053361437
2234755627
2324823735
1815100989
2238075337
1906421309
2053290489
2319330211
2277526880
2253289568
2320273834
2060108034
2288877441
2243754223
2221512323
2172089981
2208364508
2269605370
1893342047
2197519214
2208762854
2209024489
2310853599
1792776380
2294573019
2233738570
2040179331
1944279693
2325022007
2233869022
2279568299
2230236791
1910591692
2234004403
2009924344
2236013189
2308789193
2309797578
2208628598
1946161500
2251303874
2322625326
2040056480
2307932697
2240673733
2270582276
2222476199
2219233847
2310899823
2251504165
1771282997
2210944088
2257061216
1771025939
2325897861
2221267575
2232707827
1767482014
2320363676
2267481601
2292746806
2240544035
2307746808
2228251455
2208524262
2289050241
2219016467
2292568252
2055521418
2040120404
2054105494
1771152341
2292295327
2307838088
2277599530
2298550284
2234239908
2279814899
2307024415
2260600472
2306961264
2221207654
2223944605
1908514433
2318412387
2216803374
2305562250
2292394514
2308833468
2236667644
2055393571
2230376141
2053123834
2259562136
2217095154
2211232263
2259680835
2297188385
2245903094
2258592262
1763519503
2275550055
2222593640
2157628382
2208299445
2294101878
2210871370
2223610180
2241844749
1799430986
2150971500
2262549274
2050642260
2226105410
2284378313
2256109982
2256319572
2265154675
2281995531
2216361533
2246248808
2211585861
2216626575
2157501330
2322918041
2259906212
2197764351
2211118203
2294332809
2255501250
2257161541
1906241635
2319436727
2037147581
2260446755
2220087849
2241081687
2274344452
2267206537
2269031487
2265467272
1992362683
2210970135
2197443992
2316128345
2315972234
2260878861
2317396324
2284501461
2246031919
2284583863
2220191727
2245805607
2274192725
2327186377
2206191867
2320677847
2246145133
2230536461
2053008140
2311077912
2206858956
1910527119
2210830070
2206097410
1906077271
2270399432
1992274196
2037454152
2208955861
2306220141
2244009445
2257106097
2219096252
2267341659
1815058795
2240994750
2221703452
2239480052
2265043670
2054343393
2316495573
2324873048
2258386618
2269159995
2244067957
2009795210
2216251700
2305813808
2284456264
2230475985
2228903901
2308125105
2156054701
1893421197
2246536024
2226304355
1897407729
2053249165
2316664919
2265367944
2053053149
2219447190
2228177435
2266020061
2324937867
2310947040
2208907493
2306093539
2039875983
2309009631
2254106162
2309942541
2327056013
2264818706
1891721118
1875654900
2208697753
1939093797
2243121750
2298306542
2228420611
1908671203
2222687801
2274083184
2206472298
2253391542
2308940564
2313021812
2325077419
2243907281
2237314849
2210795148
2204016445
2306319310
2265556477
2243631326
2305631797
2309477208
2275741924
2218821236
2309402543
1906526639
1908567909
2282051634
2326879405
2211176389
2308211585
2215729263
2088105759
2053501382
2253140672
2305885109
2253057753
2221388694
2250250954
2312122920
2228693464
1953373346
2222745739
2278167104
2279524383
2284750645
2206272847
2318331781
2235732804
2251054979
2228561157
2280820680
2320467338
2206383450
2230090292
2230164621
2254195493
2270485922
2241221399
2206147874
2288640797
2278781931
1910656066
2043594573
2326950719
2265821951
2237399772
2274274158
2236820417
2316052945
1831705333
2241768410
2050487831
2197678909
2295920710
2253222991
2250846610
2234117443
2243503820
2223881682
2247776165
1763461182
1980632008
2294860023
2313164430
2235921642
2276697805
2253867906
1908452763
2288724445
2235471599
2260679584
2223681069
2221592810
2262748563
2279636121
2235812604
2284667110
2216167560
2157442510
2228325658
2221330053
1945852228
1767633217
2053181872
2250156217
2089372615
2265780635
2298238371
2219566571
2084354454
2309721617
2210757690
2312954829
2250361166
2317285870
2211056162
2292482757
2215850237
2234541752
2306375887
2206226637
2208826500
2234680765
2310997760
2221841652
2254001604
2287298004
2318466942
2219473594
2318104033
2279689057
2223818071
2251157712
1771385911
2305975436
2055465859
2298432181
2320611312
2266098904
2298702078
2055571073
2235563326
2265883963
1912761189
2055656126
2251414433
2260515340
2058461963
2271499857
2219327712
2220605465
2322841081
1891834606
1894891156
2230301952
1946073274
1947935412
2237071972
2311130650
2292660125
2297150263
2216950034
1793030824
2267632515
1767533968
2221917039
2009642082
2216073541
1767406436
2248562677
2054212911
2282104289
2203927957
2277474504
2288795409
2240911897
2294925162
2294452147
2241418901
2320227100
2259739966
2260778621
2215912481
2288961236
2246372140
2288929411
2260357962
2268920075
2276554810
1906330929
1897206764
2237189039
2206542448
2236980603
2295752928
2265265636
2258488299
2208233383
2254992574
2240786302
2295837023
2320531652
2037497001
2255174355
2252435246
2313108518
2234431818
2220697762
2234333765
1776074087
2208450354
1799294062
2239426657
2217796851
1945988308
2284415298
2322682944
1899777151
2222399699
2219658808
2037402300
2226406111
2211011152
2308039069
2226189329
1771509011
2308733477
2240594643
2197602898
2221754829
2228805897
2323829920
2053432227
2211676311
2216490294
2325413835
2204084710
1770942082
2218913321
2206325206
2305719502
2322786488
2326994609
1935903140
2256217140
1941845104
2208597174
1767574035
1908724982
2277676175
2215983043
2206058604
2248734868
2277423207
2308877182
1775999142
2228482721
2278564470
1931006549
2221436682
2235643196
2084249969
2321457210
1908611605
2218714141
1767440856
2264950693
2279741437
2321045548
2275485636
1778202353
2208657199
2327100329
2278715193
2050555609
1792624318
2216682740
2058368466
2289014908
